1 1 1 200.00 20.00
1 1 2 200.00 20.00
1 1 3 200.00 20.00
1 1 4 200.00 20.00
1 1 5 200.00 20.00
1 1 6 200.00 20.00
1 1 7 200.00 20.00
1 1 8 200.00 20.00
1 1 9 200.00 20.00
1 1 10 200.00 20.00
1 1 11 200.00 20.00
1 1 12 200.00 20.00
1 1 13 200.00 20.00
1 1 14 200.00 20.00
1 1 15 200.00 20.00
1 1 16 200.00 20.00
1 1 17 200.00 20.00
1 1 18 200.00 20.00
1 2 1 200.00 20.00
1 2 2 200.00 20.00
1 2 3 200.00 20.00
1 2 4 200.00 20.00
1 2 5 200.00 20.00
1 2 6 200.00 20.00
1 2 7 200.00 20.00
1 2 8 200.00 20.00
1 2 9 200.00 20.00
1 2 10 200.00 20.00
1 2 11 200.00 20.00
1 2 12 200.00 20.00
1 2 13 200.00 20.00
1 2 14 200.00 20.00
1 2 15 200.00 20.00
1 2 16 200.00 20.00
1 2 17 200.00 20.00
1 2 18 200.00 20.00
2 1 1 200.00 20.00
2 1 2 200.00 20.00
2 1 3 200.00 20.00
2 1 4 200.00 20.00
2 1 5 200.00 20.00
2 1 6 200.00 20.00
2 1 7 200.00 20.00
2 1 8 200.00 20.00
2 1 9 200.00 20.00
2 1 10 200.00 20.00
2 1 11 200.00 20.00
2 1 12 200.00 20.00
2 1 13 200.00 20.00
2 1 14 200.00 20.00
2 1 15 200.00 20.00
2 1 16 200.00 20.00
2 1 17 200.00 20.00
2 1 18 200.00 20.00
2 2 1 200.00 20.00
2 2 2 200.00 20.00
2 2 3 200.00 20.00
2 2 4 200.00 20.00
2 2 5 200.00 20.00
2 2 6 200.00 20.00
2 2 7 200.00 20.00
2 2 8 200.00 20.00
2 2 9 200.00 20.00
2 2 10 200.00 20.00
2 2 11 200.00 20.00
2 2 12 200.00 20.00
2 2 13 200.00 20.00
2 2 14 200.00 20.00
2 2 15 200.00 20.00
2 2 16 200.00 20.00
2 2 17 200.00 20.00
2 2 18 200.00 20.00
3 1 1 206.95 90.00
3 1 2 168.065 83.436
3 1 3 140.228 48.426
3 1 4 209.83 150.28
3 1 5 200.00 20.00
3 1 6 166.19 42.66
3 1 7 227.842 59.259
3 1 8 271.06 99.73
3 1 9 208.71 66.10
3 1 10 169.43 40.42
3 1 11 216.43 71.28
3 1 12 250.95 78.85
3 1 13 334.08 137.86
3 1 14 186.96 53.92
3 1 15 278.27 103.58
3 1 16 172.73 44.27
3 1 17 200.99 64.91
3 1 18 133.99 22.87
3 2 1 157.662 51.544
3 2 2 213.32 77.44
3 2 3 176.18 69.71
3 2 4 151.020 41.291
3 2 5 242.70 94.09
3 2 6 358.58 154.60
3 2 7 173.211 41.038
3 2 8 233.51 76.65
3 2 9 276.63 119.47
3 2 10 215.83 75.89
3 2 11 250.69 86.85
3 2 12 206.97 70.14
3 2 13 142.835 44.514
3 2 14 170.01 56.16
3 2 15 195.16 112.77
3 2 16 249.64 90.54
3 2 17 212.85 77.37
3 2 18 223.67 86.08
4 1 1 200.00 20.00
4 1 2 200.00 20.00
4 1 3 200.00 20.00
4 1 4 200.00 20.00
4 1 5 200.00 20.00
4 1 6 200.00 20.00
4 1 7 200.00 20.00
4 1 8 200.00 20.00
4 1 9 200.00 20.00
4 1 10 200.00 20.00
4 1 11 200.00 20.00
4 1 12 200.00 20.00
4 1 13 200.00 20.00
4 1 14 200.00 20.00
4 1 15 200.00 20.00
4 1 16 200.00 20.00
4 1 17 200.00 20.00
4 1 18 200.00 20.00
4 2 1 200.00 20.00
4 2 2 200.00 20.00
4 2 3 200.00 20.00
4 2 4 200.00 20.00
4 2 5 200.00 20.00
4 2 6 200.00 20.00
4 2 7 200.00 20.00
4 2 8 200.00 20.00
4 2 9 200.00 20.00
4 2 10 200.00 20.00
4 2 11 200.00 20.00
4 2 12 200.00 20.00
4 2 13 200.00 20.00
4 2 14 200.00 20.00
4 2 15 200.00 20.00
4 2 16 200.00 20.00
4 2 17 200.00 20.00
4 2 18 200.00 20.00
5 1 1 156.777 153.528
5 1 2 192.045 85.680
5 1 3 238.67 94.11
5 1 4 248.16 87.35
5 1 5 195.475 64.163
5 1 6 209.213 58.895
5 1 7 200.89 59.46
5 1 8 221.23 70.51
5 1 9 195.14 58.32
5 1 10 187.50 37.28
5 1 11 241.20 83.22
5 1 12 210.664 58.895
5 1 13 229.337 71.145
5 1 14 212.91 71.62
5 1 15 316.63 133.65
5 1 16 215.44 75.02
5 1 17 202.790 65.814
5 1 18 289.463 119.496
5 2 1 215.58 68.27
5 2 2 189.794 47.306
5 2 3 204.85 62.54
5 2 4 177.12 44.40
5 2 5 254.53 92.18
5 2 6 204.40 56.27
5 2 7 267.71 91.21
5 2 8 173.965 42.156
5 2 9 221.533 63.833
5 2 10 219.62 68.91
5 2 11 200.00 20.00
5 2 12 200.00 20.00
5 2 13 190.95 54.28
5 2 14 316.51 133.17
5 2 15 199.86 63.42
5 2 16 252.97 93.53
5 2 17 196.810 56.905
5 2 18 500.00 35.28
6 1 1 200.00 20.00
6 1 2 200.00 20.00
6 1 3 200.00 20.00
6 1 4 200.00 20.00
6 1 5 200.00 20.00
6 1 6 200.00 20.00
6 1 7 200.00 20.00
6 1 8 200.00 20.00
6 1 9 200.00 20.00
6 1 10 200.00 20.00
6 1 11 200.00 20.00
6 1 12 200.00 20.00
6 1 13 200.00 20.00
6 1 14 200.00 20.00
6 1 15 200.00 20.00
6 1 16 200.00 20.00
6 1 17 200.00 20.00
6 1 18 200.00 20.00
6 2 1 200.00 20.00
6 2 2 200.00 20.00
6 2 3 200.00 20.00
6 2 4 200.00 20.00
6 2 5 200.00 20.00
6 2 6 200.00 20.00
6 2 7 200.00 20.00
6 2 8 200.00 20.00
6 2 9 200.00 20.00
6 2 10 200.00 20.00
6 2 11 200.00 20.00
6 2 12 200.00 20.00
6 2 13 200.00 20.00
6 2 14 200.00 20.00
6 2 15 200.00 20.00
6 2 16 200.00 20.00
6 2 17 200.00 20.00
6 2 18 200.00 20.00
