1 1 1 200.00 20.00
1 1 2 200.00 20.00
1 1 3 200.00 20.00
1 1 4 200.00 20.00
1 1 5 200.00 20.00
1 1 6 200.00 20.00
1 1 7 200.00 20.00
1 1 8 200.00 20.00
1 1 9 200.00 20.00
1 1 10 200.00 20.00
1 1 11 200.00 20.00
1 1 12 200.00 20.00
1 1 13 200.00 20.00
1 1 14 200.00 20.00
1 1 15 200.00 20.00
1 1 16 200.00 20.00
1 1 17 200.00 20.00
1 1 18 200.00 20.00
1 2 1 200.00 20.00
1 2 2 200.00 20.00
1 2 3 200.00 20.00
1 2 4 200.00 20.00
1 2 5 200.00 20.00
1 2 6 200.00 20.00
1 2 7 200.00 20.00
1 2 8 200.00 20.00
1 2 9 200.00 20.00
1 2 10 200.00 20.00
1 2 11 200.00 20.00
1 2 12 200.00 20.00
1 2 13 200.00 20.00
1 2 14 200.00 20.00
1 2 15 200.00 20.00
1 2 16 200.00 20.00
1 2 17 200.00 20.00
1 2 18 200.00 20.00
2 1 1 200.00 20.00
2 1 2 200.00 20.00
2 1 3 200.00 20.00
2 1 4 200.00 20.00
2 1 5 200.00 20.00
2 1 6 200.00 20.00
2 1 7 200.00 20.00
2 1 8 200.00 20.00
2 1 9 200.00 20.00
2 1 10 200.00 20.00
2 1 11 200.00 20.00
2 1 12 200.00 20.00
2 1 13 200.00 20.00
2 1 14 200.00 20.00
2 1 15 200.00 20.00
2 1 16 200.00 20.00
2 1 17 200.00 20.00
2 1 18 200.00 20.00
2 2 1 200.00 20.00
2 2 2 200.00 20.00
2 2 3 200.00 20.00
2 2 4 200.00 20.00
2 2 5 200.00 20.00
2 2 6 200.00 20.00
2 2 7 200.00 20.00
2 2 8 200.00 20.00
2 2 9 200.00 20.00
2 2 10 200.00 20.00
2 2 11 200.00 20.00
2 2 12 200.00 20.00
2 2 13 200.00 20.00
2 2 14 200.00 20.00
2 2 15 200.00 20.00
2 2 16 200.00 20.00
2 2 17 200.00 20.00
2 2 18 200.00 20.00
3 1 1 187.75 83.75
3 1 2 173.02 86.92
3 1 3 114.945 53.595
3 1 4 217.88 116.96
3 1 5 200.00 20.00
3 1 6 155.28 41.89
3 1 7 205.933 50.869
3 1 8 246.59 86.79
3 1 9 185.64 53.87
3 1 10 156.63 36.94
3 1 11 205.26 64.82
3 1 12 231.33 72.24
3 1 13 310.94 137.22
3 1 14 184.41 51.40
3 1 15 245.42 91.92
3 1 16 162.21 45.51
3 1 17 184.65 54.76
3 1 18 130.39 20.78
3 2 1 163.16 58.45
3 2 2 188.04 69.92
3 2 3 160.21 59.94
3 2 4 154.78 52.36
3 2 5 229.23 86.41
3 2 6 335.67 142.43
3 2 7 193.020 58.964
3 2 8 217.25 73.93
3 2 9 240.27 96.85
3 2 10 197.39 66.69
3 2 11 229.77 79.49
3 2 12 191.72 62.71
3 2 13 148.517 44.783
3 2 14 157.11 39.84
3 2 15 199.090 91.174
3 2 16 229.02 93.18
3 2 17 197.49 72.96
3 2 18 203.79 73.97
4 1 1 200.00 20.00
4 1 2 200.00 20.00
4 1 3 200.00 20.00
4 1 4 200.00 20.00
4 1 5 200.00 20.00
4 1 6 200.00 20.00
4 1 7 200.00 20.00
4 1 8 200.00 20.00
4 1 9 200.00 20.00
4 1 10 200.00 20.00
4 1 11 200.00 20.00
4 1 12 200.00 20.00
4 1 13 200.00 20.00
4 1 14 200.00 20.00
4 1 15 200.00 20.00
4 1 16 200.00 20.00
4 1 17 200.00 20.00
4 1 18 200.00 20.00
4 2 1 200.00 20.00
4 2 2 200.00 20.00
4 2 3 200.00 20.00
4 2 4 200.00 20.00
4 2 5 200.00 20.00
4 2 6 200.00 20.00
4 2 7 200.00 20.00
4 2 8 200.00 20.00
4 2 9 200.00 20.00
4 2 10 200.00 20.00
4 2 11 200.00 20.00
4 2 12 200.00 20.00
4 2 13 200.00 20.00
4 2 14 200.00 20.00
4 2 15 200.00 20.00
4 2 16 200.00 20.00
4 2 17 200.00 20.00
4 2 18 200.00 20.00
5 1 1 200.873 111.317
5 1 2 184.96 104.21
5 1 3 223.12 90.67
5 1 4 227.10 88.03
5 1 5 197.414 71.647
5 1 6 252.20 93.34
5 1 7 193.73 56.71
5 1 8 208.77 63.27
5 1 9 191.35 59.90
5 1 10 214.53 68.72
5 1 11 226.72 75.48
5 1 12 201.737 58.214
5 1 13 286.93 109.87
5 1 14 190.29 58.12
5 1 15 291.82 115.80
5 1 16 210.06 73.68
5 1 17 227.781 79.077
5 1 18 243.968 98.170
5 2 1 201.87 66.59
5 2 2 248.87 91.69
5 2 3 190.11 56.90
5 2 4 164.89 38.25
5 2 5 232.65 77.97
5 2 6 198.28 61.28
5 2 7 244.52 81.05
5 2 8 207.16 63.47
5 2 9 271.57 98.99
5 2 10 204.28 57.02
5 2 11 200.00 20.00
5 2 12 200.00 20.00
5 2 13 173.655 46.354
5 2 14 215.052 67.040
5 2 15 195.39 59.49
5 2 16 234.57 80.78
5 2 17 271.370 127.211
5 2 18 500.00 26.33
6 1 1 200.00 20.00
6 1 2 200.00 20.00
6 1 3 200.00 20.00
6 1 4 200.00 20.00
6 1 5 200.00 20.00
6 1 6 200.00 20.00
6 1 7 200.00 20.00
6 1 8 200.00 20.00
6 1 9 200.00 20.00
6 1 10 200.00 20.00
6 1 11 200.00 20.00
6 1 12 200.00 20.00
6 1 13 200.00 20.00
6 1 14 200.00 20.00
6 1 15 200.00 20.00
6 1 16 200.00 20.00
6 1 17 200.00 20.00
6 1 18 200.00 20.00
6 2 1 200.00 20.00
6 2 2 200.00 20.00
6 2 3 200.00 20.00
6 2 4 200.00 20.00
6 2 5 200.00 20.00
6 2 6 200.00 20.00
6 2 7 200.00 20.00
6 2 8 200.00 20.00
6 2 9 200.00 20.00
6 2 10 200.00 20.00
6 2 11 200.00 20.00
6 2 12 200.00 20.00
6 2 13 200.00 20.00
6 2 14 200.00 20.00
6 2 15 200.00 20.00
6 2 16 200.00 20.00
6 2 17 200.00 20.00
6 2 18 200.00 20.00
