1 1 1 200.00 20.00 
1 1 2 200.00 20.00 
1 1 3 200.00 20.00 
1 1 4 200.00 20.00 
1 1 5 200.00 20.00 
1 1 6 200.00 20.00 
1 1 7 200.00 20.00 
1 1 8 200.00 20.00 
1 1 9 200.00 20.00 
1 1 10 200.00 20.00 
1 1 11 200.00 20.00 
1 1 12 200.00 20.00 
1 1 13 200.00 20.00 
1 1 14 200.00 20.00 
1 1 15 200.00 20.00 
1 1 16 200.00 20.00 
1 1 17 200.00 20.00 
1 1 18 200.00 20.00 
1 2 1 200.00 20.00 
1 2 2 200.00 20.00 
1 2 3 200.00 20.00 
1 2 4 200.00 20.00 
1 2 5 200.00 20.00 
1 2 6 200.00 20.00 
1 2 7 200.00 20.00 
1 2 8 200.00 20.00 
1 2 9 200.00 20.00 
1 2 10 200.00 20.00 
1 2 11 200.00 20.00 
1 2 12 200.00 20.00 
1 2 13 200.00 20.00 
1 2 14 200.00 20.00 
1 2 15 200.00 20.00 
1 2 16 200.00 20.00 
1 2 17 200.00 20.00 
1 2 18 200.00 20.00 
2 1 1 200.00 20.00 
2 1 2 200.00 20.00 
2 1 3 200.00 20.00 
2 1 4 200.00 20.00 
2 1 5 200.00 20.00 
2 1 6 200.00 20.00 
2 1 7 200.00 20.00 
2 1 8 200.00 20.00 
2 1 9 200.00 20.00 
2 1 10 200.00 20.00 
2 1 11 200.00 20.00 
2 1 12 200.00 20.00 
2 1 13 200.00 20.00 
2 1 14 200.00 20.00 
2 1 15 200.00 20.00 
2 1 16 200.00 20.00 
2 1 17 200.00 20.00 
2 1 18 200.00 20.00 
2 2 1 200.00 20.00 
2 2 2 200.00 20.00 
2 2 3 200.00 20.00 
2 2 4 200.00 20.00 
2 2 5 200.00 20.00 
2 2 6 200.00 20.00 
2 2 7 200.00 20.00 
2 2 8 200.00 20.00 
2 2 9 200.00 20.00 
2 2 10 200.00 20.00 
2 2 11 200.00 20.00 
2 2 12 200.00 20.00 
2 2 13 200.00 20.00 
2 2 14 200.00 20.00 
2 2 15 200.00 20.00 
2 2 16 200.00 20.00 
2 2 17 200.00 20.00 
2 2 18 200.00 20.00 
3 1 1 189.04 82.82 
3 1 2 165.90 83.11 
3 1 3 105.862 45.870 
3 1 4 227.02 105.06 
3 1 5 200.00 20.00 
3 1 6 164.298 45.173 
3 1 7 221.40 52.36 
3 1 8 253.721 96.998 
3 1 9 201.429 60.464 
3 1 10 173.107 49.831 
3 1 11 216.484 66.744 
3 1 12 228.367 63.642 
3 1 13 258.995 92.958 
3 1 14 164.014 40.657 
3 1 15 233.412 90.007 
3 1 16 185.42 62.33 
3 1 17 199.14 69.03 
3 1 18 136.94 26.36 
3 2 1 155.626 47.856 
3 2 2 196.32 66.45 
3 2 3 160.65 54.58 
3 2 4 147.56 41.05 
3 2 5 213.562 68.073 
3 2 6 301.767 112.835 
3 2 7 255.402 97.051 
3 2 8 205.600 60.362 
3 2 9 246.100 116.397 
3 2 10 202.206 94.667 
3 2 11 235.589 80.223 
3 2 12 208.372 72.483 
3 2 13 217.996 90.275 
3 2 14 153.525 37.248 
3 2 15 200.0 20.0 
3 2 16 226.236 86.844 
3 2 17 196.555 75.319 
3 2 18 209.565 84.547 
4 1 1 200.00 20.00 
4 1 2 200.00 20.00 
4 1 3 200.00 20.00 
4 1 4 200.00 20.00 
4 1 5 200.00 20.00 
4 1 6 200.00 20.00 
4 1 7 200.00 20.00 
4 1 8 200.00 20.00 
4 1 9 200.00 20.00 
4 1 10 200.00 20.00 
4 1 11 200.00 20.00 
4 1 12 200.00 20.00 
4 1 13 200.00 20.00 
4 1 14 200.00 20.00 
4 1 15 200.00 20.00 
4 1 16 200.00 20.00 
4 1 17 200.00 20.00 
4 1 18 200.00 20.00 
4 2 1 200.00 20.00 
4 2 2 200.00 20.00 
4 2 3 200.00 20.00 
4 2 4 200.00 20.00 
4 2 5 200.00 20.00 
4 2 6 200.00 20.00 
4 2 7 200.00 20.00 
4 2 8 200.00 20.00 
4 2 9 200.00 20.00 
4 2 10 200.00 20.00 
4 2 11 200.00 20.00 
4 2 12 200.00 20.00 
4 2 13 200.00 20.00 
4 2 14 200.00 20.00 
4 2 15 200.00 20.00 
4 2 16 200.00 20.00 
4 2 17 200.00 20.00 
4 2 18 200.00 20.00 
5 1 1 183.081 116.915 
5 1 2 182.15 106.25 
5 1 3 215.97 75.42 
5 1 4 220.56 70.54 
5 1 5 178.957 68.539 
5 1 6 240.711 96.735 
5 1 7 193.947 63.307 
5 1 8 180.483 47.516 
5 1 9 190.897 70.958 
5 1 10 213.493 82.374 
5 1 11 230.356 81.065 
5 1 12 230.015 88.096 
5 1 13 230.102 96.547 
5 1 14 180.859 89.728 
5 1 15 239.139 111.311 
5 1 16 195.860 89.479 
5 1 17 206.975 135.805 
5 1 18 266.779 120.389 
5 2 1 203.52 61.66 
5 2 2 206.316 67.797 
5 2 3 194.00 59.55 
5 2 4 164.72 36.04 
5 2 5 217.842 89.339 
5 2 6 189.062 56.326 
5 2 7 230.863 72.197 
5 2 8 191.865 61.066 
5 2 9 242.907 94.269 
5 2 10 197.041 57.132 
5 2 11 200.00 20.00 
5 2 12 200.00 20.00 
5 2 13 169.517 56.967 
5 2 14 261.023 126.578 
5 2 15 208.61 63.36 
5 2 16 221.816 91.427 
5 2 17 282.76 133.19 
5 2 18 200.00 20.00 
6 1 1 200.00 20.00 
6 1 2 200.00 20.00 
6 1 3 200.00 20.00 
6 1 4 200.00 20.00 
6 1 5 200.00 20.00 
6 1 6 200.00 20.00 
6 1 7 200.00 20.00 
6 1 8 200.00 20.00 
6 1 9 200.00 20.00 
6 1 10 200.00 20.00 
6 1 11 200.00 20.00 
6 1 12 200.00 20.00 
6 1 13 200.00 20.00 
6 1 14 200.00 20.00 
6 1 15 200.00 20.00 
6 1 16 200.00 20.00 
6 1 17 200.00 20.00 
6 1 18 200.00 20.00 
6 2 1 200.00 20.00 
6 2 2 200.00 20.00 
6 2 3 200.00 20.00 
6 2 4 200.00 20.00 
6 2 5 200.00 20.00 
6 2 6 200.00 20.00 
6 2 7 200.00 20.00 
6 2 8 200.00 20.00 
6 2 9 200.00 20.00 
6 2 10 200.00 20.00 
6 2 11 200.00 20.00 
6 2 12 200.00 20.00 
6 2 13 200.00 20.00 
6 2 14 200.00 20.00 
6 2 15 200.00 20.00 
6 2 16 200.00 20.00 
6 2 17 200.00 20.00 
6 2 18 200.00 20.00 
