1 1 1 200.00 20.00
1 1 2 200.00 20.00
1 1 3 200.00 20.00
1 1 4 200.00 20.00
1 1 5 200.00 20.00
1 1 6 200.00 20.00
1 1 7 200.00 20.00
1 1 8 200.00 20.00
1 1 9 200.00 20.00
1 1 10 200.00 20.00
1 1 11 200.00 20.00
1 1 12 200.00 20.00
1 1 13 200.00 20.00
1 1 14 200.00 20.00
1 1 15 200.00 20.00
1 1 16 200.00 20.00
1 1 17 200.00 20.00
1 1 18 200.00 20.00
1 2 1 200.00 20.00
1 2 2 200.00 20.00
1 2 3 200.00 20.00
1 2 4 200.00 20.00
1 2 5 200.00 20.00
1 2 6 200.00 20.00
1 2 7 200.00 20.00
1 2 8 200.00 20.00
1 2 9 200.00 20.00
1 2 10 200.00 20.00
1 2 11 200.00 20.00
1 2 12 200.00 20.00
1 2 13 200.00 20.00
1 2 14 200.00 20.00
1 2 15 200.00 20.00
1 2 16 200.00 20.00
1 2 17 200.00 20.00
1 2 18 200.00 20.00
2 1 1 200.00 20.00
2 1 2 200.00 20.00
2 1 3 200.00 20.00
2 1 4 200.00 20.00
2 1 5 200.00 20.00
2 1 6 200.00 20.00
2 1 7 200.00 20.00
2 1 8 200.00 20.00
2 1 9 200.00 20.00
2 1 10 200.00 20.00
2 1 11 200.00 20.00
2 1 12 200.00 20.00
2 1 13 200.00 20.00
2 1 14 200.00 20.00
2 1 15 200.00 20.00
2 1 16 200.00 20.00
2 1 17 200.00 20.00
2 1 18 200.00 20.00
2 2 1 200.00 20.00
2 2 2 200.00 20.00
2 2 3 200.00 20.00
2 2 4 200.00 20.00
2 2 5 200.00 20.00
2 2 6 200.00 20.00
2 2 7 200.00 20.00
2 2 8 200.00 20.00
2 2 9 200.00 20.00
2 2 10 200.00 20.00
2 2 11 200.00 20.00
2 2 12 200.00 20.00
2 2 13 200.00 20.00
2 2 14 200.00 20.00
2 2 15 200.00 20.00
2 2 16 200.00 20.00
2 2 17 200.00 20.00
2 2 18 200.00 20.00
3 1 1 194.20 86.73
3 1 2 151.935 93.429
3 1 3 117.610 110.918
3 1 4 226.98 124.74
3 1 5 200.00 20.00
3 1 6 160.92 42.31
3 1 7 195.717 45.036
3 1 8 213.042 65.045
3 1 9 171.956 44.818
3 1 10 154.59 37.25
3 1 11 189.461 77.749
3 1 12 211.892 56.626
3 1 13 259.500 88.337
3 1 14 165.802 40.681
3 1 15 224.107 66.411
3 1 16 160.662 39.520
3 1 17 167.087 46.801
3 1 18 148.05 38.75
3 2 1 144.345 40.580
3 2 2 173.391 52.171
3 2 3 163.12 58.72
3 2 4 153.670 46.300
3 2 5 192.964 57.194
3 2 6 273.281 90.790
3 2 7 215.331 66.648
3 2 8 205.805 60.850
3 2 9 199.805 60.601
3 2 10 167.50 34.25
3 2 11 239.19 81.02
3 2 12 176.146 47.942
3 2 13 165.591 55.033
3 2 14 158.765 42.751
3 2 15 500.000 50.000
3 2 16 203.222 59.326
3 2 17 172.750 49.494
3 2 18 170.690 44.368
4 1 1 200.00 20.00
4 1 2 200.00 20.00
4 1 3 200.00 20.00
4 1 4 200.00 20.00
4 1 5 200.00 20.00
4 1 6 200.00 20.00
4 1 7 200.00 20.00
4 1 8 200.00 20.00
4 1 9 200.00 20.00
4 1 10 200.00 20.00
4 1 11 200.00 20.00
4 1 12 200.00 20.00
4 1 13 200.00 20.00
4 1 14 200.00 20.00
4 1 15 200.00 20.00
4 1 16 200.00 20.00
4 1 17 200.00 20.00
4 1 18 200.00 20.00
4 2 1 200.00 20.00
4 2 2 200.00 20.00
4 2 3 200.00 20.00
4 2 4 200.00 20.00
4 2 5 200.00 20.00
4 2 6 200.00 20.00
4 2 7 200.00 20.00
4 2 8 200.00 20.00
4 2 9 200.00 20.00
4 2 10 200.00 20.00
4 2 11 200.00 20.00
4 2 12 200.00 20.00
4 2 13 200.00 20.00
4 2 14 200.00 20.00
4 2 15 200.00 20.00
4 2 16 200.00 20.00
4 2 17 200.00 20.00
4 2 18 200.00 20.00
5 1 1 205.78 130.97
5 1 2 189.19 119.50
5 1 3 187.50 40.48
5 1 4 197.422 58.329
5 1 5 193 68.036
5 1 6 220.779 62.051
5 1 7 197.63 58.05
5 1 8 183.262 46.663
5 1 9 193.40 58.68
5 1 10 189.984 48.177
5 1 11 232.40 76.37
5 1 12 215.731 64.890
5 1 13 245.428 77.791
5 1 14 177.352 47.082
5 1 15 258.719 87.917
5 1 16 187.351 52.962
5 1 17 201.104 57.832
5 1 18 261.890 118.130
5 2 1 206.80 65.18
5 2 2 207.926 58.644
5 2 3 170.843 41.261
5 2 4 169.61 40.05
5 2 5 190.354 48.748
5 2 6 200.62 59.07
5 2 7 243.86 79.91
5 2 8 176.879 43.552
5 2 9 237.688 75.491
5 2 10 209.58 68.05
5 2 11 200.00 20.00
5 2 12 200.00 20.00
5 2 13 190.87 59.46
5 2 14 266.321 92.481
5 2 15 199.88 63.65
5 2 16 201.414 58.450
5 2 17 228.235 76.212
5 2 18 500.000 50.000
6 1 1 200.00 20.00
6 1 2 200.00 20.00
6 1 3 200.00 20.00
6 1 4 200.00 20.00
6 1 5 200.00 20.00
6 1 6 200.00 20.00
6 1 7 200.00 20.00
6 1 8 200.00 20.00
6 1 9 200.00 20.00
6 1 10 200.00 20.00
6 1 11 200.00 20.00
6 1 12 200.00 20.00
6 1 13 200.00 20.00
6 1 14 200.00 20.00
6 1 15 200.00 20.00
6 1 16 200.00 20.00
6 1 17 200.00 20.00
6 1 18 200.00 20.00
6 2 1 200.00 20.00
6 2 2 200.00 20.00
6 2 3 200.00 20.00
6 2 4 200.00 20.00
6 2 5 200.00 20.00
6 2 6 200.00 20.00
6 2 7 200.00 20.00
6 2 8 200.00 20.00
6 2 9 200.00 20.00
6 2 10 200.00 20.00
6 2 11 200.00 20.00
6 2 12 200.00 20.00
6 2 13 200.00 20.00
6 2 14 200.00 20.00
6 2 15 200.00 20.00
6 2 16 200.00 20.00
6 2 17 200.00 20.00
6 2 18 200.00 20.00
