1 1 1 200.00 20.00 
1 1 2 200.00 20.00 
1 1 3 200.00 20.00 
1 1 4 200.00 20.00 
1 1 5 200.00 20.00 
1 1 6 200.00 20.00 
1 1 7 200.00 20.00 
1 1 8 200.00 20.00 
1 1 9 200.00 20.00 
1 1 10 200.00 20.00 
1 1 11 200.00 20.00 
1 1 12 200.00 20.00 
1 1 13 200.00 20.00 
1 1 14 200.00 20.00 
1 1 15 200.00 20.00 
1 1 16 200.00 20.00 
1 1 17 200.00 20.00 
1 1 18 200.00 20.00 
1 2 1 200.00 20.00 
1 2 2 200.00 20.00 
1 2 3 200.00 20.00 
1 2 4 200.00 20.00 
1 2 5 200.00 20.00 
1 2 6 200.00 20.00 
1 2 7 200.00 20.00 
1 2 8 200.00 20.00 
1 2 9 200.00 20.00 
1 2 10 200.00 20.00 
1 2 11 200.00 20.00 
1 2 12 200.00 20.00 
1 2 13 200.00 20.00 
1 2 14 200.00 20.00 
1 2 15 200.00 20.00 
1 2 16 200.00 20.00 
1 2 17 200.00 20.00 
1 2 18 200.00 20.00 
2 1 1 200.00 20.00 
2 1 2 200.00 20.00 
2 1 3 200.00 20.00 
2 1 4 200.00 20.00 
2 1 5 200.00 20.00 
2 1 6 200.00 20.00 
2 1 7 200.00 20.00 
2 1 8 200.00 20.00 
2 1 9 244.37 22.55 
2 1 10 200.00 20.00 
2 1 11 200.00 20.00 
2 1 12 200.00 20.00 
2 1 13 200.00 20.00 
2 1 14 200.00 20.00 
2 1 15 200.00 20.00 
2 1 16 200.00 20.00 
2 1 17 200.00 20.00 
2 1 18 200.00 20.00 
2 2 1 200.00 20.00 
2 2 2 200.00 20.00 
2 2 3 200.00 20.00 
2 2 4 200.00 20.00 
2 2 5 200.00 20.00 
2 2 6 200.00 20.00 
2 2 7 200.00 20.00 
2 2 8 200.00 20.00 
2 2 9 200.00 20.00 
2 2 10 200.00 20.00 
2 2 11 200.00 20.00 
2 2 12 200.00 20.00 
2 2 13 200.00 20.00 
2 2 14 200.00 20.00 
2 2 15 200.00 20.00 
2 2 16 200.00 20.00 
2 2 17 200.00 20.00 
2 2 18 200.00 20.00 
3 1 1 183.88 77.86 
3 1 2 166.66 85.07 
3 1 3 114.968 57.941 
3 1 4 218.85 135.62 
3 1 5 200.00 20.00 
3 1 6 173.24 49.91 
3 1 7 201.816 43.819 
3 1 8 256.64 96.63 
3 1 9 200.16 63.04 
3 1 10 148.467 39.391 
3 1 11 185.925 80.897 
3 1 12 242.70 79.47 
3 1 13 248.090 101.601 
3 1 14 196.62 61.97 
3 1 15 214.616 113.411 
3 1 16 178.30 53.88 
3 1 17 191.41 59.99 
3 1 18 133.39 69.92 
3 2 1 141.636 47.554 
3 2 2 184.14 62.86 
3 2 3 162.05 57.10 
3 2 4 142.624 44.524 
3 2 5 239.43 91.01 
3 2 6 369.75 163.94 
3 2 7 217.50 48.78 
3 2 8 231.37 83.06 
3 2 9 208.276 87.363 
3 2 10 206.61 72.01 
3 2 11 249.94 88.29 
3 2 12 215.59 76.00 
3 2 13 157.765 53.833 
3 2 14 149.640 53.965 
3 2 15 243.87 153.17 
3 2 16 190.793 58.115 
3 2 17 213.70 76.78 
3 2 18 209.38 79.57 
4 1 1 200.00 20.00 
4 1 2 200.00 20.00 
4 1 3 200.00 20.00 
4 1 4 200.00 20.00 
4 1 5 200.00 20.00 
4 1 6 200.00 20.00 
4 1 7 200.00 20.00 
4 1 8 200.00 20.00 
4 1 9 200.00 20.00 
4 1 10 200.00 20.00 
4 1 11 200.00 20.00 
4 1 12 200.00 20.00 
4 1 13 200.00 20.00 
4 1 14 200.00 20.00 
4 1 15 200.00 20.00 
4 1 16 200.00 20.00 
4 1 17 200.00 20.00 
4 1 18 200.00 20.00 
4 2 1 200.00 20.00 
4 2 2 200.00 20.00 
4 2 3 200.00 20.00 
4 2 4 200.00 20.00 
4 2 5 200.00 20.00 
4 2 6 200.00 20.00 
4 2 7 200.00 20.00 
4 2 8 200.00 20.00 
4 2 9 200.00 20.00 
4 2 10 200.00 20.00 
4 2 11 200.00 20.00 
4 2 12 200.00 20.00 
4 2 13 200.00 20.00 
4 2 14 200.00 20.00 
4 2 15 200.00 20.00 
4 2 16 200.00 20.00 
4 2 17 200.00 20.00 
4 2 18 200.00 20.00 
5 1 1 179.94 150.10 
5 1 2 189.13 103.48 
5 1 3 219.79 88.86 
5 1 4 227.61 85.43 
5 1 5 183.543 74.287 
5 1 6 271.34 93.49 
5 1 7 201.24 62.61 
5 1 8 213.39 66.92 
5 1 9 204.13 65.84 
5 1 10 226.86 74.27 
5 1 11 203.492 74.718 
5 1 12 224.692 104.970 
5 1 13 227.788 90.275 
5 1 14 202.07 65.28 
5 1 15 230.412 104.830 
5 1 16 228.93 75.58 
5 1 17 211.613 155.339 
5 1 18 197.803 82.659 
5 2 1 202.58 64.39 
5 2 2 245.71 89.91 
5 2 3 188.37 54.68 
5 2 4 169.53 41.20 
5 2 5 197.50 42.44 
5 2 6 203.30 57.31 
5 2 7 259.21 90.05 
5 2 8 202.95 60.76 
5 2 9 202.26 76.07 
5 2 10 212.74 62.67 
5 2 11 200.00 20.00 
5 2 12 200.00 20.00 
5 2 13 190.59 61.76 
5 2 14 228.825 126.707 
5 2 15 199.36 63.06 
5 2 16 251.68 95.94 
5 2 17 236.111 99.089 
5 2 18 500.0 50.0 
6 1 1 200.00 20.00 
6 1 2 200.00 20.00 
6 1 3 200.00 20.00 
6 1 4 200.00 20.00 
6 1 5 200.00 20.00 
6 1 6 200.00 20.00 
6 1 7 200.00 20.00 
6 1 8 200.00 20.00 
6 1 9 200.00 20.00 
6 1 10 200.00 20.00 
6 1 11 200.00 20.00 
6 1 12 200.00 20.00 
6 1 13 200.00 20.00 
6 1 14 200.00 20.00 
6 1 15 200.00 20.00 
6 1 16 200.00 20.00 
6 1 17 200.00 20.00 
6 1 18 200.00 20.00 
6 2 1 200.00 20.00 
6 2 2 200.00 20.00 
6 2 3 200.00 20.00 
6 2 4 200.00 20.00 
6 2 5 200.00 20.00 
6 2 6 200.00 20.00 
6 2 7 200.00 20.00 
6 2 8 200.00 20.00 
6 2 9 200.00 20.00 
6 2 10 200.00 20.00 
6 2 11 200.00 20.00 
6 2 12 200.00 20.00 
6 2 13 200.00 20.00 
6 2 14 200.00 20.00 
6 2 15 200.00 20.00 
6 2 16 200.00 20.00 
6 2 17 200.00 20.00 
6 2 18 200.00 20.00 
