1 1 1 200.00 20.00 
1 1 2 200.00 20.00 
1 1 3 200.00 20.00 
1 1 4 200.00 20.00 
1 1 5 200.00 20.00 
1 1 6 200.00 20.00 
1 1 7 200.00 20.00 
1 1 8 200.00 20.00 
1 1 9 200.00 20.00 
1 1 10 200.00 20.00 
1 1 11 200.00 20.00 
1 1 12 200.00 20.00 
1 1 13 200.00 20.00 
1 1 14 200.00 20.00 
1 1 15 200.00 20.00 
1 1 16 200.00 20.00 
1 1 17 200.00 20.00 
1 1 18 200.00 20.00 
1 2 1 200.00 20.00 
1 2 2 200.00 20.00 
1 2 3 200.00 20.00 
1 2 4 200.00 20.00 
1 2 5 200.00 20.00 
1 2 6 200.00 20.00 
1 2 7 200.00 20.00 
1 2 8 200.00 20.00 
1 2 9 200.00 20.00 
1 2 10 200.00 20.00 
1 2 11 200.00 20.00 
1 2 12 200.00 20.00 
1 2 13 200.00 20.00 
1 2 14 200.00 20.00 
1 2 15 200.00 20.00 
1 2 16 200.00 20.00 
1 2 17 200.00 20.00 
1 2 18 200.00 20.00 
2 1 1 200.00 20.00 
2 1 2 200.00 20.00 
2 1 3 200.00 20.00 
2 1 4 200.00 20.00 
2 1 5 200.00 20.00 
2 1 6 200.00 20.00 
2 1 7 200.00 20.00 
2 1 8 200.00 20.00 
2 1 9 200.00 20.00 
2 1 10 200.00 20.00 
2 1 11 200.00 20.00 
2 1 12 200.00 20.00 
2 1 13 200.00 20.00 
2 1 14 200.00 20.00 
2 1 15 200.00 20.00 
2 1 16 200.00 20.00 
2 1 17 200.00 20.00 
2 1 18 200.00 20.00 
2 2 1 200.00 20.00 
2 2 2 200.00 20.00 
2 2 3 200.00 20.00 
2 2 4 200.00 20.00 
2 2 5 200.00 20.00 
2 2 6 200.00 20.00 
2 2 7 200.00 20.00 
2 2 8 200.00 20.00 
2 2 9 200.00 20.00 
2 2 10 200.00 20.00 
2 2 11 200.00 20.00 
2 2 12 200.00 20.00 
2 2 13 200.00 20.00 
2 2 14 200.00 20.00 
2 2 15 200.00 20.00 
2 2 16 200.00 20.00 
2 2 17 200.00 20.00 
2 2 18 200.00 20.00 
3 1 1 195.27 83.21 
3 1 2 152.178 88.051 
3 1 3 114.085 62.209 
3 1 4 224.488 116.183 
3 1 5 200.00 20.00 
3 1 6 163.743 72.866 
3 1 7 221.44 53.67 
3 1 8 245.514 91.583 
3 1 9 175.012 61.666 
3 1 10 165.17 37.13 
3 1 11 202.226 72.209 
3 1 12 221.420 82.286 
3 1 13 275.829 142.577 
3 1 14 177.790 59.328 
3 1 15 244.024 104.355 
3 1 16 165.817 60.352 
3 1 17 167.690 46.740 
3 1 18 148.64 38.69 
3 2 1 166.284 62.544 
3 2 2 203.62 66.50 
3 2 3 165.38 53.99 
3 2 4 153.97 42.81 
3 2 5 243.17 83.91 
3 2 6 298.399 154.773 
3 2 7 245.983 94.336 
3 2 8 213.689 86.496 
3 2 9 231.280 99.883 
3 2 10 197.405 73.354 
3 2 11 236.858 87.874 
3 2 12 197.319 73.843 
3 2 13 232.50 60.81 
3 2 14 179.502 64.166 
3 2 15 500.00 50.00 
3 2 16 203.191 73.118 
3 2 17 230.64 100.88 
3 2 18 203.58 69.25 
4 1 1 200.00 20.00 
4 1 2 200.00 20.00 
4 1 3 200.00 20.00 
4 1 4 200.00 20.00 
4 1 5 200.00 20.00 
4 1 6 200.00 20.00 
4 1 7 200.00 20.00 
4 1 8 200.00 20.00 
4 1 9 200.00 20.00 
4 1 10 200.00 20.00 
4 1 11 200.00 20.00 
4 1 12 200.00 20.00 
4 1 13 200.00 20.00 
4 1 14 200.00 20.00 
4 1 15 200.00 20.00 
4 1 16 200.00 20.00 
4 1 17 200.00 20.00 
4 1 18 200.00 20.00 
4 2 1 200.00 20.00 
4 2 2 200.00 20.00 
4 2 3 200.00 20.00 
4 2 4 200.00 20.00 
4 2 5 200.00 20.00 
4 2 6 200.00 20.00 
4 2 7 200.00 20.00 
4 2 8 200.00 20.00 
4 2 9 200.00 20.00 
4 2 10 200.00 20.00 
4 2 11 200.00 20.00 
4 2 12 200.00 20.00 
4 2 13 200.00 20.00 
4 2 14 200.00 20.00 
4 2 15 200.00 20.00 
4 2 16 200.00 20.00 
4 2 17 200.00 20.00 
4 2 18 200.00 20.00 
5 1 1 197.31 115.51 
5 1 2 193.81 107.05 
5 1 3 225.23 74.02 
5 1 4 227.18 78.00 
5 1 5 175.779 58.089 
5 1 6 220.668 74.094 
5 1 7 205.122 72.533 
5 1 8 203.404 70.082 
5 1 9 193.634 73.041 
5 1 10 205.336 67.588 
5 1 11 231.229 84.841 
5 1 12 234.349 90.664 
5 1 13 266.939 121.224 
5 1 14 184.005 52.450 
5 1 15 234.758 95.767 
5 1 16 206.847 84.625 
5 1 17 221.090 113.250 
5 1 18 200.00 20.00 
5 2 1 199.94 62.44 
5 2 2 242.63 75.35 
5 2 3 192.05 56.09 
5 2 4 166.36 38.10 
5 2 5 212.983 111.058 
5 2 6 177.151 50.537 
5 2 7 250.529 104.860 
5 2 8 213.503 81.453 
5 2 9 237.485 84.051 
5 2 10 202.523 68.803 
5 2 11 200.00 20.00 
5 2 12 200.00 20.00 
5 2 13 175.855 91.104 
5 2 14 231.829 87.566 
5 2 15 214.45 66.06 
5 2 16 222.575 98.791 
5 2 17 242.702 167.712 
5 2 18 200.00 20.00 
6 1 1 200.00 20.00 
6 1 2 200.00 20.00 
6 1 3 200.00 20.00 
6 1 4 200.00 20.00 
6 1 5 200.00 20.00 
6 1 6 200.00 20.00 
6 1 7 200.00 20.00 
6 1 8 200.00 20.00 
6 1 9 200.00 20.00 
6 1 10 200.00 20.00 
6 1 11 200.00 20.00 
6 1 12 200.00 20.00 
6 1 13 200.00 20.00 
6 1 14 200.00 20.00 
6 1 15 200.00 20.00 
6 1 16 200.00 20.00 
6 1 17 200.00 20.00 
6 1 18 200.00 20.00 
6 2 1 200.00 20.00 
6 2 2 200.00 20.00 
6 2 3 200.00 20.00 
6 2 4 200.00 20.00 
6 2 5 200.00 20.00 
6 2 6 200.00 20.00 
6 2 7 200.00 20.00 
6 2 8 200.00 20.00 
6 2 9 200.00 20.00 
6 2 10 200.00 20.00 
6 2 11 200.00 20.00 
6 2 12 200.00 20.00 
6 2 13 200.00 20.00 
6 2 14 200.00 20.00 
6 2 15 200.00 20.00 
6 2 16 200.00 20.00 
6 2 17 200.00 20.00 
6 2 18 200.00 20.00 
