1 1 1 200.00 20.00
1 1 2 200.00 20.00
1 1 3 200.00 20.00
1 1 4 200.00 20.00
1 1 5 200.00 20.00
1 1 6 200.00 20.00
1 1 7 200.00 20.00
1 1 8 200.00 20.00
1 1 9 200.00 20.00
1 1 10 200.00 20.00
1 1 11 200.00 20.00
1 1 12 200.00 20.00
1 1 13 200.00 20.00
1 1 14 200.00 20.00
1 1 15 200.00 20.00
1 1 16 200.00 20.00
1 1 17 200.00 20.00
1 1 18 200.00 20.00
1 2 1 200.00 20.00
1 2 2 200.00 20.00
1 2 3 200.00 20.00
1 2 4 200.00 20.00
1 2 5 200.00 20.00
1 2 6 200.00 20.00
1 2 7 200.00 20.00
1 2 8 200.00 20.00
1 2 9 200.00 20.00
1 2 10 200.00 20.00
1 2 11 200.00 20.00
1 2 12 200.00 20.00
1 2 13 200.00 20.00
1 2 14 200.00 20.00
1 2 15 200.00 20.00
1 2 16 200.00 20.00
1 2 17 200.00 20.00
1 2 18 200.00 20.00
2 1 1 200.00 20.00
2 1 2 200.00 20.00
2 1 3 200.00 20.00
2 1 4 200.00 20.00
2 1 5 200.00 20.00
2 1 6 200.00 20.00
2 1 7 200.00 20.00
2 1 8 200.00 20.00
2 1 9 200.00 20.00
2 1 10 200.00 20.00
2 1 11 200.00 20.00
2 1 12 200.00 20.00
2 1 13 200.00 20.00
2 1 14 200.00 20.00
2 1 15 200.00 20.00
2 1 16 200.00 20.00
2 1 17 200.00 20.00
2 1 18 200.00 20.00
2 2 1 200.00 20.00
2 2 2 200.00 20.00
2 2 3 200.00 20.00
2 2 4 200.00 20.00
2 2 5 200.00 20.00
2 2 6 200.00 20.00
2 2 7 200.00 20.00
2 2 8 200.00 20.00
2 2 9 200.00 20.00
2 2 10 200.00 20.00
2 2 11 200.00 20.00
2 2 12 200.00 20.00
2 2 13 200.00 20.00
2 2 14 200.00 20.00
2 2 15 200.00 20.00
2 2 16 200.00 20.00
2 2 17 200.00 20.00
2 2 18 200.00 20.00
3 1 1 196.67 86.75
3 1 2 159.695 58.782
3 1 3 120.512 41.712
3 1 4 221.224 139.672
3 1 5 200.00 20.00
3 1 6 158.89 41.98
3 1 7 199.538 44.845
3 1 8 201.079 56.441
3 1 9 173.788 46.314
3 1 10 162.86 42.25
3 1 11 174.103 44.144
3 1 12 195.897 50.780
3 1 13 275.397 98.238
3 1 14 192.28 57.84
3 1 15 193.159 53.372
3 1 16 164.25 43.68
3 1 17 182.06 52.71
3 1 18 136.52 32.80
3 2 1 166.571 54.994
3 2 2 168.865 45.008
3 2 3 151.689 43.261
3 2 4 149.459 38.434
3 2 5 198.569 68.003
3 2 6 285.114 107.802
3 2 7 212.131 62.432
3 2 8 191.247 51.763
3 2 9 198.607 57.502
3 2 10 197.95 64.91
3 2 11 237.68 81.60
3 2 12 194.77 61.03
3 2 13 158.629 61.036
3 2 14 158.97 56.35
3 2 15 500.000 50.000
3 2 16 188.378 48.176
3 2 17 207.73 76.34
3 2 18 202.97 70.08
4 1 1 200.00 20.00
4 1 2 200.00 20.00
4 1 3 200.00 20.00
4 1 4 200.00 20.00
4 1 5 200.00 20.00
4 1 6 200.00 20.00
4 1 7 200.00 20.00
4 1 8 200.00 20.00
4 1 9 200.00 20.00
4 1 10 200.00 20.00
4 1 11 200.00 20.00
4 1 12 200.00 20.00
4 1 13 200.00 20.00
4 1 14 200.00 20.00
4 1 15 200.00 20.00
4 1 16 200.00 20.00
4 1 17 200.00 20.00
4 1 18 200.00 20.00
4 2 1 200.00 20.00
4 2 2 200.00 20.00
4 2 3 200.00 20.00
4 2 4 200.00 20.00
4 2 5 200.00 20.00
4 2 6 200.00 20.00
4 2 7 200.00 20.00
4 2 8 200.00 20.00
4 2 9 200.00 20.00
4 2 10 200.00 20.00
4 2 11 200.00 20.00
4 2 12 200.00 20.00
4 2 13 200.00 20.00
4 2 14 200.00 20.00
4 2 15 200.00 20.00
4 2 16 200.00 20.00
4 2 17 200.00 20.00
4 2 18 200.00 20.00
5 1 1 212.84 136.20
5 1 2 197.86 138.52
5 1 3 190.84 50.25
5 1 4 187.22 58.95
5 1 5 182.986 93.419
5 1 6 201.787 55.344
5 1 7 201.43 61.08
5 1 8 168.332 37.943
5 1 9 191.90 56.45
5 1 10 182.521 44.360
5 1 11 186.962 48.609
5 1 12 209.108 61.236
5 1 13 233.864 75.333
5 1 14 173.270 43.871
5 1 15 234.17 69.81
5 1 16 208.06 69.80
5 1 17 207.206 75.006
5 1 18 226.393 114.529
5 2 1 208.67 67.76
5 2 2 209.434 62.760
5 2 3 175.742 45.379
5 2 4 172.55 43.72
5 2 5 186.734 47.221
5 2 6 200.20 57.13
5 2 7 208.235 55.611
5 2 8 182.818 46.036
5 2 9 192.50 38.47
5 2 10 205.34 62.94
5 2 11 200.00 20.00
5 2 12 200.00 20.00
5 2 13 184.36 53.76
5 2 14 265.50 112.05
5 2 15 196.53 60.26
5 2 16 211.958 67.871
5 2 17 234.139 76.829
5 2 18 500.000 50.000
6 1 1 200.00 20.00
6 1 2 200.00 20.00
6 1 3 200.00 20.00
6 1 4 200.00 20.00
6 1 5 200.00 20.00
6 1 6 200.00 20.00
6 1 7 200.00 20.00
6 1 8 200.00 20.00
6 1 9 200.00 20.00
6 1 10 200.00 20.00
6 1 11 200.00 20.00
6 1 12 200.00 20.00
6 1 13 200.00 20.00
6 1 14 200.00 20.00
6 1 15 200.00 20.00
6 1 16 200.00 20.00
6 1 17 200.00 20.00
6 1 18 200.00 20.00
6 2 1 200.00 20.00
6 2 2 200.00 20.00
6 2 3 200.00 20.00
6 2 4 200.00 20.00
6 2 5 200.00 20.00
6 2 6 200.00 20.00
6 2 7 200.00 20.00
6 2 8 200.00 20.00
6 2 9 200.00 20.00
6 2 10 200.00 20.00
6 2 11 200.00 20.00
6 2 12 200.00 20.00
6 2 13 200.00 20.00
6 2 14 200.00 20.00
6 2 15 200.00 20.00
6 2 16 200.00 20.00
6 2 17 200.00 20.00
6 2 18 200.00 20.00
