1 1 1 200.00 20.00 
1 1 2 200.00 20.00 
1 1 3 200.00 20.00 
1 1 4 200.00 20.00 
1 1 5 200.00 20.00 
1 1 6 200.00 20.00 
1 1 7 200.00 20.00 
1 1 8 200.00 20.00 
1 1 9 200.00 20.00 
1 1 10 200.00 20.00 
1 1 11 200.00 20.00 
1 1 12 200.00 20.00 
1 1 13 200.00 20.00 
1 1 14 200.00 20.00 
1 1 15 200.00 20.00 
1 1 16 200.00 20.00 
1 1 17 200.00 20.00 
1 1 18 200.00 20.00 
1 2 1 200.00 20.00 
1 2 2 200.00 20.00 
1 2 3 200.00 20.00 
1 2 4 200.00 20.00 
1 2 5 200.00 20.00 
1 2 6 200.00 20.00 
1 2 7 200.00 20.00 
1 2 8 200.00 20.00 
1 2 9 200.00 20.00 
1 2 10 200.00 20.00 
1 2 11 200.00 20.00 
1 2 12 200.00 20.00 
1 2 13 200.00 20.00 
1 2 14 200.00 20.00 
1 2 15 200.00 20.00 
1 2 16 200.00 20.00 
1 2 17 200.00 20.00 
1 2 18 200.00 20.00 
2 1 1 195.44 130.53 
2 1 2 130.224 53.546 
2 1 3 442.729 227.990 
2 1 4 416.368 351.090 
2 1 5 307.61 136.72 
2 1 6 500.00 50.00 
2 1 7 500.00 50.00 
2 1 8 152.56 48.30 
2 1 9 162.51 53.81 
2 1 10 235.20 75.10 
2 1 11 301.81 137.91 
2 1 12 258.327 135.345 
2 1 13 142.912 59.344 
2 1 14 140.99 36.37 
2 1 15 136.792 32.327 
2 1 16 219.46 65.16 
2 1 17 145.22 33.76 
2 1 18 126.09 29.30 
2 2 1 159.43 38.50 
2 2 2 226.42 145.59 
2 2 3 500.00 50.00 
2 2 4 222.681 76.196 
2 2 5 212.02 58.41 
2 2 6 201.364 48.855 
2 2 7 232.66 87.16 
2 2 8 136.805 23.933 
2 2 9 153.67 43.09 
2 2 10 318.05 150.74 
2 2 11 138.429 35.393 
2 2 12 183.78 48.70 
2 2 13 143.07 38.32 
2 2 14 270.60 112.11 
2 2 15 142.438 26.898 
2 2 16 206.68 61.66 
2 2 17 423.79 219.67 
2 2 18 123.04 19.80 
3 1 1 163.74 49.37 
3 1 2 153.06 54.48 
3 1 3 104.923 31.343 
3 1 4 226.772 134.199 
3 1 5 200.00 20.00 
3 1 6 145.35 38.92 
3 1 7 230.67 59.90 
3 1 8 195.09 57.59 
3 1 9 159.15 43.18 
3 1 10 151.807 36.805 
3 1 11 173.63 46.31 
3 1 12 187.97 51.63 
3 1 13 236.26 87.73 
3 1 14 153.84 40.68 
3 1 15 203.85 63.24 
3 1 16 146.45 33.87 
3 1 17 152.88 40.03 
3 1 18 131.64 23.64 
3 2 1 148.477 41.280 
3 2 2 162.45 43.22 
3 2 3 145.15 40.67 
3 2 4 145.570 39.540 
3 2 5 189.33 55.59 
3 2 6 262.21 91.81 
3 2 7 500.00 50.00 
3 2 8 180.44 48.65 
3 2 9 194.75 59.80 
3 2 10 164.87 42.71 
3 2 11 194.68 53.95 
3 2 12 164.16 42.18 
3 2 13 142.389 47.461 
3 2 14 145.323 50.304 
3 2 15 500.00 50.00 
3 2 16 185.37 54.98 
3 2 17 162.38 42.34 
3 2 18 171.11 45.50 
4 1 1 200.00 20.00 
4 1 2 200.00 20.00 
4 1 3 200.00 20.00 
4 1 4 200.00 20.00 
4 1 5 200.00 20.00 
4 1 6 200.00 20.00 
4 1 7 200.00 20.00 
4 1 8 200.00 20.00 
4 1 9 200.00 20.00 
4 1 10 200.00 20.00 
4 1 11 200.00 20.00 
4 1 12 200.00 20.00 
4 1 13 200.00 20.00 
4 1 14 200.00 20.00 
4 1 15 200.00 20.00 
4 1 16 200.00 20.00 
4 1 17 200.00 20.00 
4 1 18 200.00 20.00 
4 2 1 200.00 20.00 
4 2 2 200.00 20.00 
4 2 3 200.00 20.00 
4 2 4 200.00 20.00 
4 2 5 200.00 20.00 
4 2 6 200.00 20.00 
4 2 7 200.00 20.00 
4 2 8 200.00 20.00 
4 2 9 200.00 20.00 
4 2 10 200.00 20.00 
4 2 11 200.00 20.00 
4 2 12 200.00 20.00 
4 2 13 200.00 20.00 
4 2 14 200.00 20.00 
4 2 15 200.00 20.00 
4 2 16 200.00 20.00 
4 2 17 200.00 20.00 
4 2 18 200.00 20.00 
5 1 1 169.54 59.90 
5 1 2 160.14 57.42 
5 1 3 185.05 53.00 
5 1 4 192.84 54.45 
5 1 5 175.35 54.06 
5 1 6 199.68 57.29 
5 1 7 168.76 42.98 
5 1 8 174.41 47.72 
5 1 9 159.97 42.65 
5 1 10 175.21 46.86 
5 1 11 193.40 51.38 
5 1 12 202.07 61.95 
5 1 13 221.92 70.41 
5 1 14 162.56 43.19 
5 1 15 219.89 73.06 
5 1 16 173.76 48.99 
5 1 17 206.94 68.80 
5 1 18 218.936 147.496 
5 2 1 167.35 42.28 
5 2 2 195.86 58.21 
5 2 3 166.23 43.01 
5 2 4 158.12 35.79 
5 2 5 194.26 55.86 
5 2 6 169.08 43.30 
5 2 7 200.37 55.52 
5 2 8 177.62 47.66 
5 2 9 217.33 67.45 
5 2 10 172.01 43.64 
5 2 11 200.00 20.00 
5 2 12 200.00 20.00 
5 2 13 153.31 39.26 
5 2 14 225.68 78.30 
5 2 15 165.00 40.47 
5 2 16 189.40 56.45 
5 2 17 212.46 71.22 
5 2 18 500.00 50.00 
6 1 1 140.18 41.36 
6 1 2 231.27 104.28 
6 1 3 268.220 134.665 
6 1 4 173.79 56.53 
6 1 5 163.25 40.02 
6 1 6 163.91 43.77 
6 1 7 152.112 34.441 
6 1 8 500.00 50.00 
6 1 9 148.009 42.578 
6 1 10 213.49 68.89 
6 1 11 167.18 48.01 
6 1 12 147.21 32.83 
6 1 13 179.83 53.81 
6 1 14 215.36 64.86 
6 1 15 186.15 52.77 
6 1 16 151.32 34.27 
6 1 17 148.44 26.56 
6 1 18 121.77 20.34 
6 2 1 164.55 44.03 
6 2 2 156.44 41.86 
6 2 3 217.18 78.25 
6 2 4 231.92 78.21 
6 2 5 162.12 44.80 
6 2 6 160.14 43.44 
6 2 7 145.884 31.535 
6 2 8 237.32 65.27 
6 2 9 147.22 37.99 
6 2 10 500.00 50.00 
6 2 11 500.00 50.00 
6 2 12 185.12 47.46 
6 2 13 145.37 40.20 
6 2 14 196.60 56.52 
6 2 15 351.75 151.29 
6 2 16 136.881 32.515 
6 2 17 156.99 37.56 
6 2 18 500.00 50.00 
