1 1 1 200.00 20.00
1 1 2 200.00 20.00
1 1 3 200.00 20.00
1 1 4 200.00 20.00
1 1 5 200.00 20.00
1 1 6 200.00 20.00
1 1 7 200.00 20.00
1 1 8 200.00 20.00
1 1 9 200.00 20.00
1 1 10 200.00 20.00
1 1 11 200.00 20.00
1 1 12 200.00 20.00
1 1 13 200.00 20.00
1 1 14 200.00 20.00
1 1 15 200.00 20.00
1 1 16 200.00 20.00
1 1 17 200.00 20.00
1 1 18 200.00 20.00
1 2 1 200.00 20.00
1 2 2 200.00 20.00
1 2 3 200.00 20.00
1 2 4 200.00 20.00
1 2 5 200.00 20.00
1 2 6 200.00 20.00
1 2 7 200.00 20.00
1 2 8 200.00 20.00
1 2 9 200.00 20.00
1 2 10 200.00 20.00
1 2 11 200.00 20.00
1 2 12 200.00 20.00
1 2 13 200.00 20.00
1 2 14 200.00 20.00
1 2 15 200.00 20.00
1 2 16 200.00 20.00
1 2 17 200.00 20.00
1 2 18 200.00 20.00
2 1 1 200.00 20.00
2 1 2 200.00 20.00
2 1 3 200.00 20.00
2 1 4 200.00 20.00
2 1 5 200.00 20.00
2 1 6 200.00 20.00
2 1 7 200.00 20.00
2 1 8 200.00 20.00
2 1 9 200.00 20.00
2 1 10 200.00 20.00
2 1 11 200.00 20.00
2 1 12 200.00 20.00
2 1 13 200.00 20.00
2 1 14 200.00 20.00
2 1 15 200.00 20.00
2 1 16 200.00 20.00
2 1 17 200.00 20.00
2 1 18 200.00 20.00
2 2 1 200.00 20.00
2 2 2 200.00 20.00
2 2 3 200.00 20.00
2 2 4 200.00 20.00
2 2 5 200.00 20.00
2 2 6 200.00 20.00
2 2 7 200.00 20.00
2 2 8 200.00 20.00
2 2 9 200.00 20.00
2 2 10 200.00 20.00
2 2 11 200.00 20.00
2 2 12 200.00 20.00
2 2 13 200.00 20.00
2 2 14 200.00 20.00
2 2 15 200.00 20.00
2 2 16 200.00 20.00
2 2 17 200.00 20.00
2 2 18 200.00 20.00
3 1 1 200.00 20.00
3 1 2 200.00 20.00
3 1 3 200.00 20.00
3 1 4 200.00 20.00
3 1 5 200.00 20.00
3 1 6 200.00 20.00
3 1 7 200.00 20.00
3 1 8 200.00 20.00
3 1 9 200.00 20.00
3 1 10 200.00 20.00
3 1 11 200.00 20.00
3 1 12 200.00 20.00
3 1 13 200.00 20.00
3 1 14 200.00 20.00
3 1 15 200.00 20.00
3 1 16 200.00 20.00
3 1 17 200.00 20.00
3 1 18 200.00 20.00
3 2 1 200.00 20.00
3 2 2 200.00 20.00
3 2 3 200.00 20.00
3 2 4 200.00 20.00
3 2 5 200.00 20.00
3 2 6 200.00 20.00
3 2 7 200.00 20.00
3 2 8 200.00 20.00
3 2 9 200.00 20.00
3 2 10 200.00 20.00
3 2 11 200.00 20.00
3 2 12 200.00 20.00
3 2 13 200.00 20.00
3 2 14 200.00 20.00
3 2 15 200.00 20.00
3 2 16 200.00 20.00
3 2 17 200.00 20.00
3 2 18 200.00 20.00
4 1 1 200.00 20.00
4 1 2 200.00 20.00
4 1 3 200.00 20.00
4 1 4 200.00 20.00
4 1 5 200.00 20.00
4 1 6 200.00 20.00
4 1 7 200.00 20.00
4 1 8 200.00 20.00
4 1 9 200.00 20.00
4 1 10 200.00 20.00
4 1 11 200.00 20.00
4 1 12 200.00 20.00
4 1 13 200.00 20.00
4 1 14 200.00 20.00
4 1 15 200.00 20.00
4 1 16 200.00 20.00
4 1 17 200.00 20.00
4 1 18 200.00 20.00
4 2 1 200.00 20.00
4 2 2 200.00 20.00
4 2 3 200.00 20.00
4 2 4 200.00 20.00
4 2 5 200.00 20.00
4 2 6 200.00 20.00
4 2 7 200.00 20.00
4 2 8 200.00 20.00
4 2 9 200.00 20.00
4 2 10 200.00 20.00
4 2 11 200.00 20.00
4 2 12 200.00 20.00
4 2 13 200.00 20.00
4 2 14 200.00 20.00
4 2 15 200.00 20.00
4 2 16 200.00 20.00
4 2 17 200.00 20.00
4 2 18 200.00 20.00
5 1 1 200.00 20.00
5 1 2 200.00 20.00
5 1 3 200.00 20.00
5 1 4 200.00 20.00
5 1 5 200.00 20.00
5 1 6 200.00 20.00
5 1 7 200.00 20.00
5 1 8 200.00 20.00
5 1 9 200.00 20.00
5 1 10 200.00 20.00
5 1 11 200.00 20.00
5 1 12 200.00 20.00
5 1 13 200.00 20.00
5 1 14 200.00 20.00
5 1 15 200.00 20.00
5 1 16 200.00 20.00
5 1 17 200.00 20.00
5 1 18 200.00 20.00
5 2 1 200.00 20.00
5 2 2 200.00 20.00
5 2 3 200.00 20.00
5 2 4 200.00 20.00
5 2 5 200.00 20.00
5 2 6 200.00 20.00
5 2 7 200.00 20.00
5 2 8 200.00 20.00
5 2 9 200.00 20.00
5 2 10 200.00 20.00
5 2 11 200.00 20.00
5 2 12 200.00 20.00
5 2 13 200.00 20.00
5 2 14 200.00 20.00
5 2 15 200.00 20.00
5 2 16 200.00 20.00
5 2 17 200.00 20.00
5 2 18 200.00 20.00
6 1 1 200.00 20.00
6 1 2 200.00 20.00
6 1 3 200.00 20.00
6 1 4 200.00 20.00
6 1 5 200.00 20.00
6 1 6 200.00 20.00
6 1 7 200.00 20.00
6 1 8 200.00 20.00
6 1 9 200.00 20.00
6 1 10 200.00 20.00
6 1 11 200.00 20.00
6 1 12 200.00 20.00
6 1 13 200.00 20.00
6 1 14 200.00 20.00
6 1 15 200.00 20.00
6 1 16 200.00 20.00
6 1 17 200.00 20.00
6 1 18 200.00 20.00
6 2 1 200.00 20.00
6 2 2 200.00 20.00
6 2 3 200.00 20.00
6 2 4 200.00 20.00
6 2 5 200.00 20.00
6 2 6 200.00 20.00
6 2 7 200.00 20.00
6 2 8 200.00 20.00
6 2 9 200.00 20.00
6 2 10 200.00 20.00
6 2 11 200.00 20.00
6 2 12 200.00 20.00
6 2 13 200.00 20.00
6 2 14 200.00 20.00
6 2 15 200.00 20.00
6 2 16 200.00 20.00
6 2 17 200.00 20.00
6 2 18 200.00 20.00
