1 1 1 200.00 20.00
1 1 2 200.00 20.00
1 1 3 200.00 20.00
1 1 4 200.00 20.00
1 1 5 200.00 20.00
1 1 6 200.00 20.00
1 1 7 200.00 20.00
1 1 8 200.00 20.00
1 1 9 200.00 20.00
1 1 10 200.00 20.00
1 1 11 200.00 20.00
1 1 12 200.00 20.00
1 1 13 200.00 20.00
1 1 14 200.00 20.00
1 1 15 200.00 20.00
1 1 16 200.00 20.00
1 1 17 200.00 20.00
1 1 18 200.00 20.00
1 2 1 200.00 20.00
1 2 2 200.00 20.00
1 2 3 200.00 20.00
1 2 4 200.00 20.00
1 2 5 200.00 20.00
1 2 6 200.00 20.00
1 2 7 200.00 20.00
1 2 8 200.00 20.00
1 2 9 200.00 20.00
1 2 10 200.00 20.00
1 2 11 200.00 20.00
1 2 12 200.00 20.00
1 2 13 200.00 20.00
1 2 14 200.00 20.00
1 2 15 200.00 20.00
1 2 16 200.00 20.00
1 2 17 200.00 20.00
1 2 18 200.00 20.00
2 1 1 235.48 91.95
2 1 2 223.61 121.39
2 1 3 199.25 117.79
2 1 4 221.13 107.98
2 1 5 200 20.00
2 1 6 206.10 86.40
2 1 7 178.68 48.83
2 1 8 150.33 44.24
2 1 9 192.78 58.00
2 1 10 162.50 24.52
2 1 11 195.34 65.11
2 1 12 200 20.00
2 1 13 182.12 34.61
2 1 14 193.97 66.29
2 1 15 305.29 153.05
2 1 16 202.70 90.82
2 1 17 155.50 50.06
2 1 18 147.93 32.86
2 2 1 197.11 69.56
2 2 2 235.70 101.11
2 2 3 238.59 93.94
2 2 4 200 214.85
2 2 5 188.45 56.31
2 2 6 175.88 48.58
2 2 7 136.31 27.94
2 2 8 203.03 64.31
2 2 9 211.66 74.36
2 2 10 191.17 65.25
2 2 11 183.89 60.55
2 2 12 185.40 62.51
2 2 13 183.60 67.50
2 2 14 182.72 58.03
2 2 15 253.92 124.68
2 2 16 175.92 73.12
2 2 17 187.78 72.33
2 2 18 298.90 108.33
3 1 1 274.50 306.83
3 1 2 220.50 119.51
3 1 3 92.71 22.52
3 1 4 400 29.33
3 1 5 199.01 39.18
3 1 6 254.32 110.96
3 1 7 164.03 47.55
3 1 8 229.50 142.01
3 1 9 190.45 71.14
3 1 10 200 10.00
3 1 11 255.01 124.10
3 1 12 231.94 26.06
3 1 13 400 21.87
3 1 14 200 945.19
3 1 15 200 654.67
3 1 16 163.95 53.27
3 1 17 270.14 131.67
3 1 18 398.69 159.46
3 2 1 247.46 80.65
3 2 2 336.22 170.25
3 2 3 359.47 187.60
3 2 4 150 399.87
3 2 5 396.81 236.83
3 2 6 162.67 41.62
3 2 7 163.88 52.95
3 2 8 153.26 18.07
3 2 9 215.53 86.31
3 2 10 365.88 37.14
3 2 11 185.88 69.31
3 2 12 183.16 62.23
3 2 13 254.93 740.35
3 2 14 200 51.21
3 2 15 225.17 42.79
3 2 16 370.99 58.34
3 2 17 325.17 157.01
3 2 18 200 222.72
4 1 1 200.00 20.00
4 1 2 200.00 20.00
4 1 3 200.00 20.00
4 1 4 200.00 20.00
4 1 5 200.00 20.00
4 1 6 200.00 20.00
4 1 7 200.00 20.00
4 1 8 200.00 20.00
4 1 9 200.00 20.00
4 1 10 200.00 20.00
4 1 11 200.00 20.00
4 1 12 200.00 20.00
4 1 13 200.00 20.00
4 1 14 200.00 20.00
4 1 15 200.00 20.00
4 1 16 200.00 20.00
4 1 17 200.00 20.00
4 1 18 200.00 20.00
4 2 1 200.00 20.00
4 2 2 200.00 20.00
4 2 3 200.00 20.00
4 2 4 200.00 20.00
4 2 5 200.00 20.00
4 2 6 200.00 20.00
4 2 7 200.00 20.00
4 2 8 200.00 20.00
4 2 9 200.00 20.00
4 2 10 200.00 20.00
4 2 11 200.00 20.00
4 2 12 200.00 20.00
4 2 13 200.00 20.00
4 2 14 200.00 20.00
4 2 15 200.00 20.00
4 2 16 200.00 20.00
4 2 17 200.00 20.00
4 2 18 200.00 20.00
5 1 1 175.42 90.71
5 1 2 107 81.97
5 1 3 270.04 74.58
5 1 4 434.61 189.45
5 1 5 248 150
5 1 6 335.76 172.36
5 1 7 168.56 45.21
5 1 8 209.28 77.70
5 1 9 139.91 33.04
5 1 10 321.75 164.76
5 1 11 299.13 179.37
5 1 12 400.51 29.60
5 1 13 351 270
5 1 14 169.44 64.37
5 1 15 284 245
5 1 16 192.27 77.65
5 1 17 200 27
5 1 18 200 27
5 2 1 270.57 118.18
5 2 2 284.55 117.21
5 2 3 175.35 48.72
5 2 4 138.45 25.94
5 2 5 247.28 102.52
5 2 6 190.41 58.72
5 2 7 342.77 150.81
5 2 8 139.55 23.66
5 2 9 489.26 155.35
5 2 10 195.53 63.28
5 2 11 238.47 1053.71
5 2 12 200 20
5 2 13 163.52 49.21
5 2 14 193.06 68.42
5 2 15 190.65 62.29
5 2 16 203.70 69.01
5 2 17 350 300
5 2 18 409.18 333.89
6 1 1 159.89 66.10
6 1 2 265.23 138.80
6 1 3 262.29 114.97
6 1 4 206.88 94.99
6 1 5 176.05 51.36
6 1 6 155.32 68.85
6 1 7 141.92 46.85
6 1 8 200 20
6 1 9 200 20
6 1 10 200 20
6 1 11 200 20
6 1 12 200 20
6 1 13 200 20
6 1 14 200 20
6 1 15 200 20
6 1 16 200 20
6 1 17 200 20
6 1 18 200 20
6 2 1 200 20
6 2 2 200 20
6 2 3 200 20.00
6 2 4 200 20.00
6 2 5 200 20.00
6 2 6 200 20.00
6 2 7 200 20.00
6 2 8 200 20.00
6 2 9 200 20.00
6 2 10 200 20.00
6 2 11 200 20.00
6 2 12 200 20.00
6 2 13 200 20.00
6 2 14 200 20.00
6 2 15 200 20.00
6 2 16 200 20.00
6 2 17 200 20.00
6 2 18 200 20.00
