1 1 1 200.00 20.00
1 1 2 200.00 20.00
1 1 3 200.00 20.00
1 1 4 200.00 20.00
1 1 5 200.00 20.00
1 1 6 200.00 20.00
1 1 7 200.00 20.00
1 1 8 200.00 20.00
1 1 9 200.00 20.00
1 1 10 200.00 20.00
1 1 11 200.00 20.00
1 1 12 200.00 20.00
1 1 13 200.00 20.00
1 1 14 200.00 20.00
1 1 15 200.00 20.00
1 1 16 200.00 20.00
1 1 17 200.00 20.00
1 1 18 200.00 20.00
1 2 1 200.00 20.00
1 2 2 200.00 20.00
1 2 3 200.00 20.00
1 2 4 200.00 20.00
1 2 5 200.00 20.00
1 2 6 200.00 20.00
1 2 7 200.00 20.00
1 2 8 200.00 20.00
1 2 9 200.00 20.00
1 2 10 200.00 20.00
1 2 11 200.00 20.00
1 2 12 200.00 20.00
1 2 13 200.00 20.00
1 2 14 200.00 20.00
1 2 15 200.00 20.00
1 2 16 200.00 20.00
1 2 17 200.00 20.00
1 2 18 200.00 20.00
2 1 1 235.42 103.28
2 1 2 222.52 126.35
2 1 3 202.54 117.63
2 1 4 236.86 127.73
2 1 5 200.00 20.00
2 1 6 318.04 123.94
2 1 7 226.92 76.78
2 1 8 228.55 84.60
2 1 9 251.10 91.94
2 1 10 249.54 87.83
2 1 11 206.72 67.84
2 1 12 200.00 20.00
2 1 13 265.50 128.29
2 1 14 224.79 77.29
2 1 15 375.25 167.66
2 1 16 241.06 89.41
2 1 17 186.18 53.05
2 1 18 213.62 73.38
2 2 1 213.08 84.85
2 2 2 236.98 106.49
2 2 3 249.18 98.98
2 2 4 216.08 67.23
2 2 5 218.85 71.33
2 2 6 310.50 130.03
2 2 7 256.50 101.86
2 2 8 225.67 69.79
2 2 9 235.09 79.91
2 2 10 219.64 72.30
2 2 11 205.57 60.34
2 2 12 241.42 78.91
2 2 13 258.27 132.53
2 2 14 225.04 76.75
2 2 15 334.92 142.31
2 2 16 218.54 73.02
2 2 17 226.67 83.37
2 2 18 236.36 90.72
3 1 1 202.71 156.30
3 1 2 274.20 103.02
3 1 3 16.50 143.41
3 1 4 390.37 276.62
3 1 5 211.12 60.53
3 1 6 362.83 156.02
3 1 7 274.50 102.15
3 1 8 340.76 174.84
3 1 9 247.50 108.66
3 1 10 265.50 102.05
3 1 11 212.50 47.73
3 1 12 248.64 86.39
3 1 13 380.83 178.87
3 1 14 211.06 63.10
3 1 15 140.09 31.99
3 1 16 200.90 57.87
3 1 17 156.69 38.82
3 1 18 320.57 141.28
3 2 1 348.83 175.63
3 2 2 287.68 122.23
3 2 3 313.91 125.49
3 2 4 220.21 107.05
3 2 5 409.69 201.57
3 2 6 274.50 143.77
3 2 7 274.50 176.58
3 2 8 283.50 174.39
3 2 9 287.26 124.86
3 2 10 435.70 222.86
3 2 11 210.23 70.65
3 2 12 207.40 65.21
3 2 13 206.74 81.46
3 2 14 163.83 179.97
3 2 15 311.15 152.99
3 2 16 516.84 265.02
3 2 17 397.65 182.21
3 2 18 123.78 29.63
4 1 1 200.00 20.00
4 1 2 200.00 20.00
4 1 3 200.00 20.00
4 1 4 200.00 20.00
4 1 5 200.00 20.00
4 1 6 200.00 20.00
4 1 7 200.00 20.00
4 1 8 200.00 20.00
4 1 9 200.00 20.00
4 1 10 200.00 20.00
4 1 11 200.00 20.00
4 1 12 200.00 20.00
4 1 13 200.00 20.00
4 1 14 200.00 20.00
4 1 15 200.00 20.00
4 1 16 200.00 20.00
4 1 17 200.00 20.00
4 1 18 200.00 20.00
4 2 1 200.00 20.00
4 2 2 200.00 20.00
4 2 3 200.00 20.00
4 2 4 200.00 20.00
4 2 5 200.00 20.00
4 2 6 200.00 20.00
4 2 7 200.00 20.00
4 2 8 200.00 20.00
4 2 9 200.00 20.00
4 2 10 200.00 20.00
4 2 11 200.00 20.00
4 2 12 200.00 20.00
4 2 13 200.00 20.00
4 2 14 200.00 20.00
4 2 15 200.00 20.00
4 2 16 200.00 20.00
4 2 17 200.00 20.00
4 2 18 200.00 20.00
5 1 1 165.44 73.41
5 1 2 166.27 82.37
5 1 3 247.47 109.72
5 1 4 222.11 114.86
5 1 5 227.16 124.41
5 1 6 326.51 159.97
5 1 7 191.33 52.60
5 1 8 232.80 71.96
5 1 9 179.07 48.54
5 1 10 392.05 163.38
5 1 11 337.50 172.10
5 1 12 428.26 274.85
5 1 13 439.37 206.92
5 1 14 204.90 109.45
5 1 15 378.53 186.14
5 1 16 253.11 108.51
5 1 17 230.50 121.71
5 1 18 334.50 243.13
5 2 1 231.90 76.06
5 2 2 264.56 91.04
5 2 3 176.43 45.44
5 2 4 156.72 35.54
5 2 5 232.27 143.34
5 2 6 223.85 69.30
5 2 7 231.31 126.50
5 2 8 201.98 61.71
5 2 9 421.35 177.97
5 2 10 223.10 65.35
5 2 11 200.00 20.00
5 2 12 200.00 20.00
5 2 13 190.44 56.48
5 2 14 209.49 87.81
5 2 15 215.02 64.61
5 2 16 311.99 127.13
5 2 17 354.76 176.13
5 2 18 251.50 456.30
6 1 1 163.89 74.30
6 1 2 258.59 153.37
6 1 3 276.08 124.98
6 1 4 210.32 103.73
6 1 5 199.37 63.63
6 1 6 274.50 130.83
6 1 7 256.50 114.39
6 1 8 323.22 146.95
6 1 9 229.50 160.36
6 1 10 290.36 120.41
6 1 11 218.87 87.33
6 1 12 195.43 65.86
6 1 13 275.54 122.32
6 1 14 306.90 124.98
6 1 15 240.25 89.54
6 1 16 182.71 60.46
6 1 17 173.42 42.04
6 1 18 136.35 33.78
6 2 1 183.70 55.78
6 2 2 177.85 53.55
6 2 3 272.67 115.28
6 2 4 296.29 116.17
6 2 5 205.03 71.11
6 2 6 200.11 61.86
6 2 7 247.50 98.70
6 2 8 229.66 96.77
6 2 9 162.10 45.28
6 2 10 233.73 85.86
6 2 11 163.94 43.44
6 2 12 254.51 101.69
6 2 13 238.50 110.33
6 2 14 173.84 53.45
6 2 15 153.71 37.75
6 2 16 165.45 48.81
6 2 17 191.36 59.66
6 2 18 163.07 45.42
