1 1 1 200.00 20.00
1 1 2 200.00 20.00
1 1 3 200.00 20.00
1 1 4 200.00 20.00
1 1 5 200.00 20.00
1 1 6 200.00 20.00
1 1 7 200.00 20.00
1 1 8 200.00 20.00
1 1 9 200.00 20.00
1 1 10 200.00 20.00
1 1 11 200.00 20.00
1 1 12 200.00 20.00
1 1 13 200.00 20.00
1 1 14 200.00 20.00
1 1 15 200.00 20.00
1 1 16 200.00 20.00
1 1 17 200.00 20.00
1 1 18 200.00 20.00
1 2 1 200.00 20.00
1 2 2 200.00 20.00
1 2 3 200.00 20.00
1 2 4 200.00 20.00
1 2 5 200.00 20.00
1 2 6 200.00 20.00
1 2 7 200.00 20.00
1 2 8 200.00 20.00
1 2 9 200.00 20.00
1 2 10 200.00 20.00
1 2 11 200.00 20.00
1 2 12 200.00 20.00
1 2 13 200.00 20.00
1 2 14 200.00 20.00
1 2 15 200.00 20.00
1 2 16 200.00 20.00
1 2 17 200.00 20.00
1 2 18 200.00 20.00
2 1 1 235.55 104.57
2 1 2 223.64 129.25
2 1 3 200.81 127.06
2 1 4 227.92 118.13
2 1 5 200.00 20.00
2 1 6 267.49 92.69
2 1 7 183.27 53.79
2 1 8 155.89 38.46
2 1 9 200.85 60.10
2 1 10 195.62 59.43
2 1 11 189.22 53.28
2 1 12 200.00 20.00
2 1 13 190.10 56.76
2 1 14 208.65 63.43
2 1 15 318.27 147.74
2 1 16 206.59 63.50
2 1 17 174.36 52.26
2 1 18 215.93 81.69
2 2 1 212.18 75.09
2 2 2 239.61 107.79
2 2 3 246.86 101.66
2 2 4 214.67 65.94
2 2 5 189.71 57.74
2 2 6 182.67 51.06
2 2 7 145.26 36.65
2 2 8 197.10 57.17
2 2 9 200.92 60.39
2 2 10 190.92 58.65
2 2 11 187.73 52.43
2 2 12 200.30 59.20
2 2 13 189.87 63.99
2 2 14 191.91 61.60
2 2 15 298.34 120.40
2 2 16 193.59 54.18
2 2 17 219.10 75.46
2 2 18 227.05 82.99
3 1 1 242.50 63.99
3 1 2 261.85 122.42
3 1 3 16.50 155.92
3 1 4 378.83 272.65
3 1 5 219.72 116.38
3 1 6 275.24 98.69
3 1 7 133.58 21.35
3 1 8 273.64 116.78
3 1 9 191.98 62.93
3 1 10 153.42 28.98
3 1 11 279.98 112.05
3 1 12 224.50 69.53
3 1 13 346.78 141.30
3 1 14 202.17 69.17
3 1 15 132.78 27.61
3 1 16 177.84 45.26
3 1 17 149.76 40.63
3 1 18 314.14 141.78
3 2 1 313.17 168.92
3 2 2 274.67 120.96
3 2 3 305.27 126.16
3 2 4 136.13 36.84
3 2 5 365.51 183.96
3 2 6 166.10 47.23
3 2 7 167.05 51.77
3 2 8 137.50 24.30
3 2 9 220.94 79.24
3 2 10 404.31 222.98
3 2 11 199.20 62.80
3 2 12 192.65 58.03
3 2 13 230.41 115.84
3 2 14 265.50 243.36
3 2 15 206.59 69.47
3 2 16 466.95 222.78
3 2 17 371.48 169.09
3 2 18 129.79 32.01
4 1 1 200.00 20.00
4 1 2 200.00 20.00
4 1 3 200.00 20.00
4 1 4 200.00 20.00
4 1 5 200.00 20.00
4 1 6 200.00 20.00
4 1 7 200.00 20.00
4 1 8 200.00 20.00
4 1 9 200.00 20.00
4 1 10 200.00 20.00
4 1 11 200.00 20.00
4 1 12 200.00 20.00
4 1 13 200.00 20.00
4 1 14 200.00 20.00
4 1 15 200.00 20.00
4 1 16 200.00 20.00
4 1 17 200.00 20.00
4 1 18 200.00 20.00
4 2 1 200.00 20.00
4 2 2 200.00 20.00
4 2 3 200.00 20.00
4 2 4 200.00 20.00
4 2 5 200.00 20.00
4 2 6 200.00 20.00
4 2 7 200.00 20.00
4 2 8 200.00 20.00
4 2 9 200.00 20.00
4 2 10 200.00 20.00
4 2 11 200.00 20.00
4 2 12 200.00 20.00
4 2 13 200.00 20.00
4 2 14 200.00 20.00
4 2 15 200.00 20.00
4 2 16 200.00 20.00
4 2 17 200.00 20.00
4 2 18 200.00 20.00
5 1 1 174.68 96.12
5 1 2 159.80 76.26
5 1 3 180.12 108.44
5 1 4 200.50 108.08
5 1 5 201.50 28.43
5 1 6 231.89 130.65
5 1 7 167.82 41.76
5 1 8 193.21 66.87
5 1 9 167.67 41.70
5 1 10 364.80 154.65
5 1 11 326.43 156.90
5 1 12 411.27 277.73
5 1 13 313.59 187.06
5 1 14 184.13 55.33
5 1 15 339.94 146.46
5 1 16 210.67 67.08
5 1 17 200.50 18.23
5 1 18 313.50 300.69
5 2 1 232.08 78.38
5 2 2 209.60 92.67
5 2 3 175.79 49.06
5 2 4 153.67 36.11
5 2 5 201.30 91.24
5 2 6 203.39 60.47
5 2 7 291.56 105.17
5 2 8 173.13 43.82
5 2 9 399.24 171.33
5 2 10 204.21 57.89
5 2 11 200.00 20.00
5 2 12 200.00 20.00
5 2 13 174.40 48.84
5 2 14 207.11 66.05
5 2 15 202.09 63.61
5 2 16 271.72 101.17
5 2 17 354.98 156.55
5 2 18 279.99 182.13
6 1 1 159.20 70.54
6 1 2 251.79 149.94
6 1 3 254.18 120.82
6 1 4 202.45 89.48
6 1 5 180.53 50.58
6 1 6 185.30 57.51
6 1 7 152.88 39.17
6 1 8 239.41 121.56
6 1 9 147.59 37.64
6 1 10 268.64 111.78
6 1 11 198.21 67.96
6 1 12 167.50 43.97
6 1 13 216.86 85.31
6 1 14 276.14 102.99
6 1 15 215.83 74.91
6 1 16 164.40 47.09
6 1 17 170.87 43.36
6 1 18 139.23 33.32
6 2 1 179.94 52.92
6 2 2 170.72 50.82
6 2 3 269.75 117.80
6 2 4 286.59 116.30
6 2 5 190.38 60.29
6 2 6 178.44 52.34
6 2 7 149.79 35.28
6 2 8 152.30 39.69
6 2 9 155.70 42.20
6 2 10 220.43 73.79
6 2 11 147.98 34.46
6 2 12 149.98 31.87
6 2 13 164.41 48.80
6 2 14 164.97 43.90
6 2 15 152.43 35.59
6 2 16 153.99 41.78
6 2 17 152.50 24.65
6 2 18 161.33 44.25
