1 0 1 200.00 20.00 
1 0 2 200.00 20.00 
1 0 3 200.00 20.00 
1 0 4 200.00 20.00 
1 0 5 200.00 20.00 
1 0 6 200.00 20.00 
1 0 7 200.00 20.00 
1 0 8 200.00 20.00 
1 0 9 200.00 20.00 
1 0 10 200.00 20.00 
1 0 11 200.00 20.00 
1 0 12 200.00 20.00 
1 0 13 200.00 20.00 
1 0 14 200.00 20.00 
1 0 15 200.00 20.00 
1 0 16 200.00 20.00 
1 0 17 200.00 20.00 
1 0 18 200.00 20.00 
1 1 1 200.00 20.00 
1 1 2 200.00 20.00 
1 1 3 200.00 20.00 
1 1 4 200.00 20.00 
1 1 5 200.00 20.00 
1 1 6 200.00 20.00 
1 1 7 200.00 20.00 
1 1 8 200.00 20.00 
1 1 9 200.00 20.00 
1 1 10 200.00 20.00 
1 1 11 200.00 20.00 
1 1 12 200.00 20.00 
1 1 13 200.00 20.00 
1 1 14 200.00 20.00 
1 1 15 200.00 20.00 
1 1 16 200.00 20.00 
1 1 17 200.00 20.00 
1 1 18 200.00 20.00 
2 0 1 248.34 134.66 
2 0 2 221.05 172.72 
2 0 3 193.61 198.05 
2 0 4 242.18 129.18 
2 0 5 200.00 20.00 
2 0 6 280.39 113.85 
2 0 7 191.21 54.75 
2 0 8 166.21 44.65 
2 0 9 215.01 67.64 
2 0 10 212.32 63.99 
2 0 11 195.60 58.05 
2 0 12 200.00 20.00 
2 0 13 213.72 75.05 
2 0 14 219.44 69.41 
2 0 15 337.65 154.48 
2 0 16 207.50 39.64 
2 0 17 176.09 54.69 
2 0 18 199.36 88.20 
2 1 1 212.78 135.32 
2 1 2 222.15 104.47 
2 1 3 233.33 113.75 
2 1 4 220.60 82.58 
2 1 5 197.40 57.09 
2 1 6 207.42 69.66 
2 1 7 208.51 95.97 
2 1 8 216.10 73.07 
2 1 9 217.39 72.70 
2 1 10 200.27 62.43 
2 1 11 197.96 57.04 
2 1 12 206.19 65.00 
2 1 13 203.88 72.09 
2 1 14 212.73 68.44 
2 1 15 316.69 130.61 
2 1 16 203.20 67.80 
2 1 17 226.22 93.64 
2 1 18 217.08 86.73 
3 0 1 193.46 248.72 
3 0 2 246.92 159.87 
3 0 3 185.50 201.44 
3 0 4 378.87 261.93 
3 0 5 208.45 64.70 
3 0 6 297.41 124.82 
3 0 7 177.99 46.71 
3 0 8 178.86 46.26 
3 0 9 222.74 84.70 
3 0 10 156.89 39.26 
3 0 11 301.45 129.83 
3 0 12 234.99 75.61 
3 0 13 369.75 163.20 
3 0 14 201.31 54.73 
3 0 15 145.64 38.03 
3 0 16 178.76 43.69 
3 0 17 187.47 72.48 
3 0 18 308.13 153.98 
3 1 1 296.24 126.30 
3 1 2 290.36 127.31 
3 1 3 327.98 127.32 
3 1 4 208.41 97.05 
3 1 5 391.64 183.80 
3 1 6 171.50 51.99 
3 1 7 162.50 34.22 
3 1 8 192.41 68.40 
3 1 9 239.87 98.99 
3 1 10 422.75 214.74 
3 1 11 215.75 72.76 
3 1 12 205.14 66.05 
3 1 13 203.01 87.65 
3 1 14 186.52 71.08 
3 1 15 265.32 114.93 
3 1 16 499.35 241.65 
3 1 17 379.50 193.13 
3 1 18 135.70 21.47 
4 0 1 200.00 20.00 
4 0 2 200.00 20.00 
4 0 3 200.00 20.00 
4 0 4 200.00 20.00 
4 0 5 200.00 20.00 
4 0 6 200.00 20.00 
4 0 7 200.00 20.00 
4 0 8 200.00 20.00 
4 0 9 200.00 20.00 
4 0 10 200.00 20.00 
4 0 11 200.00 20.00 
4 0 12 200.00 20.00 
4 0 13 200.00 20.00 
4 0 14 200.00 20.00 
4 0 15 200.00 20.00 
4 0 16 200.00 20.00 
4 0 17 200.00 20.00 
4 0 18 200.00 20.00 
4 1 1 200.00 20.00 
4 1 2 200.00 20.00 
4 1 3 200.00 20.00 
4 1 4 200.00 20.00 
4 1 5 200.00 20.00 
4 1 6 200.00 20.00 
4 1 7 200.00 20.00 
4 1 8 200.00 20.00 
4 1 9 200.00 20.00 
4 1 10 200.00 20.00 
4 1 11 200.00 20.00 
4 1 12 200.00 20.00 
4 1 13 200.00 20.00 
4 1 14 200.00 20.00 
4 1 15 200.00 20.00 
4 1 16 200.00 20.00 
4 1 17 200.00 20.00 
4 1 18 200.00 20.00 
5 0 1 170.61 111.79 
5 0 2 167.72 94.88 
5 0 3 261.47 114.53 
5 0 4 202.50 42.43 
5 0 5 201.50 24.85 
5 0 6 257.09 146.73 
5 0 7 176.70 45.42 
5 0 8 214.05 64.80 
5 0 9 179.51 49.47 
5 0 10 367.63 176.73 
5 0 11 335.43 154.42 
5 0 12 505.94 274.32 
5 0 13 410.67 196.93 
5 0 14 212.01 65.93 
5 0 15 369.06 166.50 
5 0 16 223.63 74.66 
5 0 17 200.50 15.18 
5 0 18 94.50 43.17 
5 1 1 238.12 78.99 
5 1 2 282.43 103.27 
5 1 3 184.10 50.33 
5 1 4 274.50 103.11 
5 1 5 289.20 100.37 
5 1 6 221.15 69.43 
5 1 7 318.24 119.06 
5 1 8 219.63 75.50 
5 1 9 406.22 182.75 
5 1 10 218.28 66.98 
5 1 11 200.00 20.00 
5 1 12 200.00 20.00 
5 1 13 179.69 49.08 
5 1 14 217.80 70.05 
5 1 15 207.96 69.24 
5 1 16 294.38 119.04 
5 1 17 361.95 182.90 
5 1 18 264.05 139.05 
6 0 1 207.50 334.86 
6 0 2 257.40 158.27 
6 0 3 263.95 127.29 
6 0 4 210.70 116.02 
6 0 5 189.03 57.00 
6 0 6 194.19 66.02 
6 0 7 176.12 48.80 
6 0 8 245.50 158.42 
6 0 9 179.74 65.60 
6 0 10 279.06 115.88 
6 0 11 211.55 82.51 
6 0 12 179.55 49.67 
6 0 13 220.85 98.17 
6 0 14 294.84 123.91 
6 0 15 224.39 82.20 
6 0 16 168.13 54.69 
6 0 17 175.95 45.73 
6 0 18 131.05 30.75 
6 1 1 224.62 140.09 
6 1 2 187.56 58.45 
6 1 3 285.16 129.22 
6 1 4 301.62 112.98 
6 1 5 203.44 62.82 
6 1 6 188.03 56.43 
6 1 7 193.15 65.03 
6 1 8 164.69 45.09 
6 1 9 159.96 43.90 
6 1 10 228.57 80.75 
6 1 11 155.45 39.67 
6 1 12 211.86 80.13 
6 1 13 184.05 62.18 
6 1 14 166.69 45.86 
6 1 15 156.91 36.83 
6 1 16 154.72 42.98 
6 1 17 183.41 55.95 
6 1 18 170.95 47.91 
