1 1 1 200.00 20.00
1 1 2 200.00 20.00
1 1 3 200.00 20.00
1 1 4 200.00 20.00
1 1 5 200.00 20.00
1 1 6 200.00 20.00
1 1 7 200.00 20.00
1 1 8 200.00 20.00
1 1 9 200.00 20.00
1 1 10 200.00 20.00
1 1 11 200.00 20.00
1 1 12 200.00 20.00
1 1 13 200.00 20.00
1 1 14 200.00 20.00
1 1 15 200.00 20.00
1 1 16 200.00 20.00
1 1 17 200.00 20.00
1 1 18 200.00 20.00
1 2 1 200.00 20.00
1 2 2 200.00 20.00
1 2 3 200.00 20.00
1 2 4 200.00 20.00
1 2 5 200.00 20.00
1 2 6 200.00 20.00
1 2 7 200.00 20.00
1 2 8 200.00 20.00
1 2 9 200.00 20.00
1 2 10 200.00 20.00
1 2 11 200.00 20.00
1 2 12 200.00 20.00
1 2 13 200.00 20.00
1 2 14 200.00 20.00
1 2 15 200.00 20.00
1 2 16 200.00 20.00
1 2 17 200.00 20.00
1 2 18 200.00 20.00
2 1 1 200.00 20.00
2 1 2 200.00 20.00
2 1 3 200.00 20.00
2 1 4 200.00 20.00
2 1 5 200.00 20.00
2 1 6 200.00 20.00
2 1 7 200.00 20.00
2 1 8 200.00 20.00
2 1 9 200.00 20.00
2 1 10 200.00 20.00
2 1 11 200.00 20.00
2 1 12 200.00 20.00
2 1 13 200.00 20.00
2 1 14 200.00 20.00
2 1 15 200.00 20.00
2 1 16 200.00 20.00
2 1 17 200.00 20.00
2 1 18 200.00 20.00
2 2 1 200.00 20.00
2 2 2 200.00 20.00
2 2 3 200.00 20.00
2 2 4 200.00 20.00
2 2 5 200.00 20.00
2 2 6 200.00 20.00
2 2 7 200.00 20.00
2 2 8 200.00 20.00
2 2 9 200.00 20.00
2 2 10 200.00 20.00
2 2 11 200.00 20.00
2 2 12 200.00 20.00
2 2 13 200.00 20.00
2 2 14 200.00 20.00
2 2 15 200.00 20.00
2 2 16 200.00 20.00
2 2 17 200.00 20.00
2 2 18 200.00 20.00
3 1 1 182.42 74.87
3 1 2 120.50 175.60
3 1 3 177.87 171.19
3 1 4 215.76 113.56
3 1 5 200.00 20.00
3 1 6 139.88 32.99
3 1 7 201.49 92.17
3 1 8 249.89 91.02
3 1 9 172.97 48.16
3 1 10 187.50 91.24
3 1 11 213.15 65.21
3 1 12 393.77 154.79
3 1 13 498.08 226.52
3 1 14 209.63 155.98
3 1 15 335.27 126.17
3 1 16 149.37 34.42
3 1 17 160.43 43.66
3 1 18 450.79 236.52
3 2 1 386.42 208.12
3 2 2 214.54 74.52
3 2 3 301.50 200.29
3 2 4 238.50 221.78
3 2 5 526.43 266.87
3 2 6 476.34 211.54
3 2 7 292.50 117.67
3 2 8 309.97 116.14
3 2 9 260.09 95.44
3 2 10 174.46 53.61
3 2 11 355.09 135.20
3 2 12 187.88 54.34
3 2 13 247.50 243.01
3 2 14 319.50 402.00
3 2 15 245.00 301.61
3 2 16 410.94 174.84
3 2 17 185.52 56.07
3 2 18 242.57 89.31
4 1 1 200.00 20.00
4 1 2 200.00 20.00
4 1 3 200.00 20.00
4 1 4 200.00 20.00
4 1 5 200.00 20.00
4 1 6 200.00 20.00
4 1 7 200.00 20.00
4 1 8 200.00 20.00
4 1 9 200.00 20.00
4 1 10 200.00 20.00
4 1 11 200.00 20.00
4 1 12 200.00 20.00
4 1 13 200.00 20.00
4 1 14 200.00 20.00
4 1 15 200.00 20.00
4 1 16 200.00 20.00
4 1 17 200.00 20.00
4 1 18 200.00 20.00
4 2 1 200.00 20.00
4 2 2 200.00 20.00
4 2 3 200.00 20.00
4 2 4 200.00 20.00
4 2 5 200.00 20.00
4 2 6 200.00 20.00
4 2 7 200.00 20.00
4 2 8 200.00 20.00
4 2 9 200.00 20.00
4 2 10 200.00 20.00
4 2 11 200.00 20.00
4 2 12 200.00 20.00
4 2 13 200.00 20.00
4 2 14 200.00 20.00
4 2 15 200.00 20.00
4 2 16 200.00 20.00
4 2 17 200.00 20.00
4 2 18 200.00 20.00
5 1 1 184.81 151.27
5 1 2 165.68 83.40
5 1 3 242.95 105.55
5 1 4 260.02 108.68
5 1 5 195.50 27.98
5 1 6 236.69 118.39
5 1 7 170.95 42.11
5 1 8 203.75 59.31
5 1 9 162.11 40.73
5 1 10 305.44 143.59
5 1 11 327.45 151.09
5 1 12 310.50 781.33
5 1 13 419.78 190.54
5 1 14 183.28 52.71
5 1 15 360.90 157.98
5 1 16 215.14 67.33
5 1 17 220.50 17.30
5 1 18 240.50 21.48
5 2 1 237.86 78.16
5 2 2 257.61 92.15
5 2 3 181.91 48.94
5 2 4 154.43 33.84
5 2 5 263.68 92.29
5 2 6 201.79 55.47
5 2 7 299.76 104.88
5 2 8 182.42 48.88
5 2 9 403.59 176.07
5 2 10 211.37 64.63
5 2 11 200.00 20.00
5 2 12 200.00 20.00
5 2 13 168.72 43.96
5 2 14 210.40 63.35
5 2 15 204.42 63.02
5 2 16 283.72 117.75
5 2 17 350.36 152.78
5 2 18 300.23 222.58
6 1 1 200.00 20.00
6 1 2 200.00 20.00
6 1 3 200.00 20.00
6 1 4 200.00 20.00
6 1 5 200.00 20.00
6 1 6 200.00 20.00
6 1 7 200.00 20.00
6 1 8 200.00 20.00
6 1 9 200.00 20.00
6 1 10 200.00 20.00
6 1 11 200.00 20.00
6 1 12 200.00 20.00
6 1 13 200.00 20.00
6 1 14 200.00 20.00
6 1 15 200.00 20.00
6 1 16 200.00 20.00
6 1 17 200.00 20.00
6 1 18 200.00 20.00
6 2 1 200.00 20.00
6 2 2 200.00 20.00
6 2 3 200.00 20.00
6 2 4 200.00 20.00
6 2 5 200.00 20.00
6 2 6 200.00 20.00
6 2 7 200.00 20.00
6 2 8 200.00 20.00
6 2 9 200.00 20.00
6 2 10 200.00 20.00
6 2 11 200.00 20.00
6 2 12 200.00 20.00
6 2 13 200.00 20.00
6 2 14 200.00 20.00
6 2 15 200.00 20.00
6 2 16 200.00 20.00
6 2 17 200.00 20.00
6 2 18 200.00 20.00
