1 0 1 200.00 20.00 
1 0 2 200.00 20.00 
1 0 3 200.00 20.00 
1 0 4 200.00 20.00 
1 0 5 200.00 20.00 
1 0 6 200.00 20.00 
1 0 7 200.00 20.00 
1 0 8 200.00 20.00 
1 0 9 200.00 20.00 
1 0 10 200.00 20.00 
1 0 11 200.00 20.00 
1 0 12 200.00 20.00 
1 0 13 200.00 20.00 
1 0 14 200.00 20.00 
1 0 15 200.00 20.00 
1 0 16 200.00 20.00 
1 0 17 200.00 20.00 
1 0 18 200.00 20.00 
1 1 1 200.00 20.00 
1 1 2 200.00 20.00 
1 1 3 200.00 20.00 
1 1 4 200.00 20.00 
1 1 5 200.00 20.00 
1 1 6 200.00 20.00 
1 1 7 200.00 20.00 
1 1 8 200.00 20.00 
1 1 9 200.00 20.00 
1 1 10 200.00 20.00 
1 1 11 200.00 20.00 
1 1 12 200.00 20.00 
1 1 13 200.00 20.00 
1 1 14 200.00 20.00 
1 1 15 200.00 20.00 
1 1 16 200.00 20.00 
1 1 17 200.00 20.00 
1 1 18 200.00 20.00 
2 0 1 200.00 20.00 
2 0 2 200.00 20.00 
2 0 3 200.00 20.00 
2 0 4 200.00 20.00 
2 0 5 200.00 20.00 
2 0 6 200.00 20.00 
2 0 7 200.00 20.00 
2 0 8 200.00 20.00 
2 0 9 200.00 20.00 
2 0 10 200.00 20.00 
2 0 11 200.00 20.00 
2 0 12 200.00 20.00 
2 0 13 200.00 20.00 
2 0 14 200.00 20.00 
2 0 15 200.00 20.00 
2 0 16 200.00 20.00 
2 0 17 200.00 20.00 
2 0 18 200.00 20.00 
2 1 1 200.00 20.00 
2 1 2 200.00 20.00 
2 1 3 200.00 20.00 
2 1 4 200.00 20.00 
2 1 5 200.00 20.00 
2 1 6 200.00 20.00 
2 1 7 200.00 20.00 
2 1 8 200.00 20.00 
2 1 9 200.00 20.00 
2 1 10 200.00 20.00 
2 1 11 200.00 20.00 
2 1 12 200.00 20.00 
2 1 13 200.00 20.00 
2 1 14 200.00 20.00 
2 1 15 200.00 20.00 
2 1 16 200.00 20.00 
2 1 17 200.00 20.00 
2 1 18 200.00 20.00 
3 0 1 147.68 59.39 
3 0 2 119.50 179.45 
3 0 3 110.76 169.82 
3 0 4 205.95 110.95 
3 0 5 200.00 20.00 
3 0 6 220.50 83.93 
3 0 7 222.23 62.57 
3 0 8 242.93 91.19 
3 0 9 170.65 49.37 
3 0 10 141.93 31.38 
3 0 11 204.30 64.89 
3 0 12 374.42 147.11 
3 0 13 489.88 246.91 
3 0 14 265.50 122.84 
3 0 15 310.42 130.57 
3 0 16 143.36 34.91 
3 0 17 158.29 40.33 
3 0 18 445.32 224.58 
3 1 1 283.50 252.62 
3 1 2 228.46 85.58 
3 1 3 265.50 258.94 
3 1 4 247.50 235.97 
3 1 5 521.52 303.99 
3 1 6 487.33 258.19 
3 1 7 292.50 116.19 
3 1 8 302.06 118.89 
3 1 9 251.74 95.62 
3 1 10 194.23 61.65 
3 1 11 340.90 134.20 
3 1 12 165.11 46.36 
3 1 13 335.65 202.77 
3 1 14 265.50 1054.82 
3 1 15 251.57 290.58 
3 1 16 389.78 188.09 
3 1 17 184.92 58.75 
3 1 18 202.82 68.14 
4 0 1 200.00 20.00 
4 0 2 200.00 20.00 
4 0 3 200.00 20.00 
4 0 4 200.00 20.00 
4 0 5 200.00 20.00 
4 0 6 200.00 20.00 
4 0 7 200.00 20.00 
4 0 8 200.00 20.00 
4 0 9 200.00 20.00 
4 0 10 200.00 20.00 
4 0 11 200.00 20.00 
4 0 12 200.00 20.00 
4 0 13 200.00 20.00 
4 0 14 200.00 20.00 
4 0 15 200.00 20.00 
4 0 16 200.00 20.00 
4 0 17 200.00 20.00 
4 0 18 200.00 20.00 
4 1 1 200.00 20.00 
4 1 2 200.00 20.00 
4 1 3 200.00 20.00 
4 1 4 200.00 20.00 
4 1 5 200.00 20.00 
4 1 6 200.00 20.00 
4 1 7 200.00 20.00 
4 1 8 200.00 20.00 
4 1 9 200.00 20.00 
4 1 10 200.00 20.00 
4 1 11 200.00 20.00 
4 1 12 200.00 20.00 
4 1 13 200.00 20.00 
4 1 14 200.00 20.00 
4 1 15 200.00 20.00 
4 1 16 200.00 20.00 
4 1 17 200.00 20.00 
4 1 18 200.00 20.00 
5 0 1 169.96 92.40 
5 0 2 156.65 75.92 
5 0 3 242.70 101.92 
5 0 4 253.61 108.23 
5 0 5 223.50 32.60 
5 0 6 297.03 119.95 
5 0 7 165.42 42.46 
5 0 8 199.11 60.95 
5 0 9 164.57 44.74 
5 0 10 313.94 124.63 
5 0 11 282.52 131.06 
5 0 12 483.18 279.40 
5 0 13 368.81 175.20 
5 0 14 179.91 54.46 
5 0 15 341.70 147.39 
5 0 16 209.73 67.92 
5 0 17 202.50 18.68 
5 0 18 205.50 21.54 
5 1 1 227.28 79.53 
5 1 2 251.17 95.39 
5 1 3 177.03 49.96 
5 1 4 140.31 24.61 
5 1 5 255.58 95.88 
5 1 6 196.09 59.25 
5 1 7 287.31 108.56 
5 1 8 175.50 46.88 
5 1 9 353.63 152.35 
5 1 10 205.48 61.29 
5 1 11 200.00 20.00 
5 1 12 200.00 20.00 
5 1 13 168.25 49.29 
5 1 14 208.28 66.25 
5 1 15 199.92 64.11 
5 1 16 274.37 111.39 
5 1 17 345.08 153.41 
5 1 18 168.07 413.97 
6 0 1 200.00 20.00 
6 0 2 200.00 20.00 
6 0 3 200.00 20.00 
6 0 4 200.00 20.00 
6 0 5 200.00 20.00 
6 0 6 200.00 20.00 
6 0 7 200.00 20.00 
6 0 8 200.00 20.00 
6 0 9 200.00 20.00 
6 0 10 200.00 20.00 
6 0 11 200.00 20.00 
6 0 12 200.00 20.00 
6 0 13 200.00 20.00 
6 0 14 200.00 20.00 
6 0 15 200.00 20.00 
6 0 16 200.00 20.00 
6 0 17 200.00 20.00 
6 0 18 200.00 20.00 
6 1 1 200.00 20.00 
6 1 2 200.00 20.00 
6 1 3 200.00 20.00 
6 1 4 200.00 20.00 
6 1 5 200.00 20.00 
6 1 6 200.00 20.00 
6 1 7 200.00 20.00 
6 1 8 200.00 20.00 
6 1 9 200.00 20.00 
6 1 10 200.00 20.00 
6 1 11 200.00 20.00 
6 1 12 200.00 20.00 
6 1 13 200.00 20.00 
6 1 14 200.00 20.00 
6 1 15 200.00 20.00 
6 1 16 200.00 20.00 
6 1 17 200.00 20.00 
6 1 18 200.00 20.00 
