1 0 1 200.00 20.00 
1 0 2 200.00 20.00 
1 0 3 200.00 20.00 
1 0 4 200.00 20.00 
1 0 5 200.00 20.00 
1 0 6 200.00 20.00 
1 0 7 200.00 20.00 
1 0 8 200.00 20.00 
1 0 9 200.00 20.00 
1 0 10 200.00 20.00 
1 0 11 200.00 20.00 
1 0 12 200.00 20.00 
1 0 13 200.00 20.00 
1 0 14 200.00 20.00 
1 0 15 200.00 20.00 
1 0 16 200.00 20.00 
1 0 17 200.00 20.00 
1 0 18 200.00 20.00 
1 1 1 200.00 20.00 
1 1 2 200.00 20.00 
1 1 3 200.00 20.00 
1 1 4 200.00 20.00 
1 1 5 200.00 20.00 
1 1 6 200.00 20.00 
1 1 7 200.00 20.00 
1 1 8 200.00 20.00 
1 1 9 200.00 20.00 
1 1 10 200.00 20.00 
1 1 11 200.00 20.00 
1 1 12 200.00 20.00 
1 1 13 200.00 20.00 
1 1 14 200.00 20.00 
1 1 15 200.00 20.00 
1 1 16 200.00 20.00 
1 1 17 200.00 20.00 
1 1 18 200.00 20.00 
2 0 1 200.00 20.00 
2 0 2 200.00 20.00 
2 0 3 200.00 20.00 
2 0 4 200.00 20.00 
2 0 5 200.00 20.00 
2 0 6 200.00 20.00 
2 0 7 200.00 20.00 
2 0 8 200.00 20.00 
2 0 9 200.00 20.00 
2 0 10 200.00 20.00 
2 0 11 200.00 20.00 
2 0 12 200.00 20.00 
2 0 13 200.00 20.00 
2 0 14 200.00 20.00 
2 0 15 200.00 20.00 
2 0 16 200.00 20.00 
2 0 17 200.00 20.00 
2 0 18 200.00 20.00 
2 1 1 200.00 20.00 
2 1 2 200.00 20.00 
2 1 3 200.00 20.00 
2 1 4 200.00 20.00 
2 1 5 200.00 20.00 
2 1 6 200.00 20.00 
2 1 7 200.00 20.00 
2 1 8 200.00 20.00 
2 1 9 200.00 20.00 
2 1 10 200.00 20.00 
2 1 11 200.00 20.00 
2 1 12 200.00 20.00 
2 1 13 200.00 20.00 
2 1 14 200.00 20.00 
2 1 15 200.00 20.00 
2 1 16 200.00 20.00 
2 1 17 200.00 20.00 
2 1 18 200.00 20.00 
3 0 1 146.28 54.90 
3 0 2 110.37 48.59 
3 0 3 151.488 57.358 
3 0 4 216.85 115.23 
3 0 5 200.00 20.00 
3 0 6 215.251 61.164 
3 0 7 211.14 51.20 
3 0 8 219.025 67.752 
3 0 9 175.10 47.34 
3 0 10 500.00 50.0 
3 0 11 195.653 56.643 
3 0 12 500.00 50.0 
3 0 13 500.00 50.0 
3 0 14 204.970 49.363 
3 0 15 260.082 96.64 
3 0 16 148.362 36.586 
3 0 17 164.10 46.39 
3 0 18 500.00 50.0 
3 1 1 163.123 55.779 
3 1 2 222.99 80.48 
3 1 3 139.977 36.250 
3 1 4 179.009 52.007 
3 1 5 500.00 50.00 
3 1 6 500.00 50.00 
3 1 7 222.208 59.352 
3 1 8 267.361 86.966 
3 1 9 229.112 68.653 
3 1 10 184.51 42.54 
3 1 11 500.00 50.00 
3 1 12 190.23 59.53 
3 1 13 206.615 62.019 
3 1 14 500.00 50.00 
3 1 15 181.241 73.781 
3 1 16 500.00 50.00 
3 1 17 190.20 61.57 
3 1 18 206.11 69.37 
4 0 1 200.00 20.00 
4 0 2 200.00 20.00 
4 0 3 200.00 20.00 
4 0 4 200.00 20.00 
4 0 5 200.00 20.00 
4 0 6 200.00 20.00 
4 0 7 200.00 20.00 
4 0 8 200.00 20.00 
4 0 9 200.00 20.00 
4 0 10 200.00 20.00 
4 0 11 200.00 20.00 
4 0 12 200.00 20.00 
4 0 13 200.00 20.00 
4 0 14 200.00 20.00 
4 0 15 200.00 20.00 
4 0 16 200.00 20.00 
4 0 17 200.00 20.00 
4 0 18 200.00 20.00 
4 1 1 200.00 20.00 
4 1 2 200.00 20.00 
4 1 3 200.00 20.00 
4 1 4 200.00 20.00 
4 1 5 200.00 20.00 
4 1 6 200.00 20.00 
4 1 7 200.00 20.00 
4 1 8 200.00 20.00 
4 1 9 200.00 20.00 
4 1 10 200.00 20.00 
4 1 11 200.00 20.00 
4 1 12 200.00 20.00 
4 1 13 200.00 20.00 
4 1 14 200.00 20.00 
4 1 15 200.00 20.00 
4 1 16 200.00 20.00 
4 1 17 200.00 20.00 
4 1 18 200.00 20.00 
5 0 1 173.28 84.18 
5 0 2 157.12 71.22 
5 0 3 237.50 98.27 
5 0 4 216.713 67.738 
5 0 5 266.325 120.314 
5 0 6 259.728 87.815 
5 0 7 172.662 44.364 
5 0 8 187.050 47.565 
5 0 9 170.655 45.509 
5 0 10 257.806 81.651 
5 0 11 251.444 88.934 
5 0 12 500.00 50.0 
5 0 13 300.432 114.206 
5 0 14 167.269 41.804 
5 0 15 268.348 142.868 
5 0 16 221.95 72.88 
5 0 17 211.937 74.205 
5 0 18 296.635 168.413 
5 1 1 236.89 90.35 
5 1 2 263.31 103.11 
5 1 3 180.22 51.71 
5 1 4 142.14 25.55 
5 1 5 240.874 75.079 
5 1 6 205.760 63.034 
5 1 7 273.182 98.388 
5 1 8 172.892 43.506 
5 1 9 331.317 143.624 
5 1 10 196.982 54.549 
5 1 11 500.00 50.0 
5 1 12 200.00 20.00 
5 1 13 188.43 61.88 
5 1 14 176.083 46.225 
5 1 15 222.19 75.52 
5 1 16 239.067 89.717 
5 1 17 275.647 130.204 
5 1 18 500.00 50.0 
6 0 1 200.00 20.00 
6 0 2 200.00 20.00 
6 0 3 200.00 20.00 
6 0 4 200.00 20.00 
6 0 5 200.00 20.00 
6 0 6 200.00 20.00 
6 0 7 200.00 20.00 
6 0 8 200.00 20.00 
6 0 9 200.00 20.00 
6 0 10 200.00 20.00 
6 0 11 200.00 20.00 
6 0 12 200.00 20.00 
6 0 13 200.00 20.00 
6 0 14 200.00 20.00 
6 0 15 200.00 20.00 
6 0 16 200.00 20.00 
6 0 17 200.00 20.00 
6 0 18 200.00 20.00 
6 1 1 200.00 20.00 
6 1 2 200.00 20.00 
6 1 3 200.00 20.00 
6 1 4 200.00 20.00 
6 1 5 200.00 20.00 
6 1 6 200.00 20.00 
6 1 7 200.00 20.00 
6 1 8 200.00 20.00 
6 1 9 200.00 20.00 
6 1 10 200.00 20.00 
6 1 11 200.00 20.00 
6 1 12 200.00 20.00 
6 1 13 200.00 20.00 
6 1 14 200.00 20.00 
6 1 15 200.00 20.00 
6 1 16 200.00 20.00 
6 1 17 200.00 20.00 
6 1 18 200.00 20.00 
