1 1 1 200.00 20.00
1 1 2 200.00 20.00
1 1 3 200.00 20.00
1 1 4 200.00 20.00
1 1 5 200.00 20.00
1 1 6 200.00 20.00
1 1 7 200.00 20.00
1 1 8 200.00 20.00
1 1 9 200.00 20.00
1 1 10 200.00 20.00
1 1 11 200.00 20.00
1 1 12 200.00 20.00
1 1 13 200.00 20.00
1 1 14 200.00 20.00
1 1 15 200.00 20.00
1 1 16 200.00 20.00
1 1 17 200.00 20.00
1 1 18 200.00 20.00
1 2 1 200.00 20.00
1 2 2 200.00 20.00
1 2 3 200.00 20.00
1 2 4 200.00 20.00
1 2 5 200.00 20.00
1 2 6 200.00 20.00
1 2 7 200.00 20.00
1 2 8 200.00 20.00
1 2 9 200.00 20.00
1 2 10 200.00 20.00
1 2 11 200.00 20.00
1 2 12 200.00 20.00
1 2 13 200.00 20.00
1 2 14 200.00 20.00
1 2 15 200.00 20.00
1 2 16 200.00 20.00
1 2 17 200.00 20.00
1 2 18 200.00 20.00
2 1 1 200.00 20.00
2 1 2 200.00 20.00
2 1 3 200.00 20.00
2 1 4 200.00 20.00
2 1 5 200.00 20.00
2 1 6 200.00 20.00
2 1 7 200.00 20.00
2 1 8 200.00 20.00
2 1 9 200.00 20.00
2 1 10 200.00 20.00
2 1 11 200.00 20.00
2 1 12 200.00 20.00
2 1 13 200.00 20.00
2 1 14 200.00 20.00
2 1 15 200.00 20.00
2 1 16 200.00 20.00
2 1 17 200.00 20.00
2 1 18 200.00 20.00
2 2 1 200.00 20.00
2 2 2 200.00 20.00
2 2 3 200.00 20.00
2 2 4 200.00 20.00
2 2 5 200.00 20.00
2 2 6 200.00 20.00
2 2 7 200.00 20.00
2 2 8 200.00 20.00
2 2 9 200.00 20.00
2 2 10 200.00 20.00
2 2 11 200.00 20.00
2 2 12 200.00 20.00
2 2 13 200.00 20.00
2 2 14 200.00 20.00
2 2 15 200.00 20.00
2 2 16 200.00 20.00
2 2 17 200.00 20.00
2 2 18 200.00 20.00
3 1 1 146.45 54.42
3 1 2 112.41 48.00
3 1 3 137.871 55.634
3 1 4 229.91 93.41
3 1 5 200.00 20.00
3 1 6 231.390 80.374
3 1 7 209.63 47.49
3 1 8 232.528 84.232
3 1 9 163.474 41.395
3 1 10 500.00 50.00
3 1 11 190.307 54.683
3 1 12 500.00 50.0
3 1 13 500.00 50.0
3 1 14 211.375 54.647
3 1 15 230.341 73.762
3 1 16 151.720 36.799
3 1 17 157.63 43.20
3 1 18 500.00 50.0
3 2 1 155.577 46.775
3 2 2 224.28 81.37
3 2 3 143.877 41.662
3 2 4 146.942 42.175
3 2 5 500.00 50.0
3 2 6 500.00 50.0
3 2 7 226.656 60.285
3 2 8 266.940 87.135
3 2 9 225.346 83.156
3 2 10 212.81 72.42
3 2 11 500.00 50.0
3 2 12 163.859 41.134
3 2 13 221.213 68.351
3 2 14 500.00 50.0
3 2 15 201.130 86.642
3 2 16 500.00 50.0
3 2 17 171.065 55.653
3 2 18 179.732 48.619
4 1 1 200.00 20.00
4 1 2 200.00 20.00
4 1 3 200.00 20.00
4 1 4 200.00 20.00
4 1 5 200.00 20.00
4 1 6 200.00 20.00
4 1 7 200.00 20.00
4 1 8 200.00 20.00
4 1 9 200.00 20.00
4 1 10 200.00 20.00
4 1 11 200.00 20.00
4 1 12 200.00 20.00
4 1 13 200.00 20.00
4 1 14 200.00 20.00
4 1 15 200.00 20.00
4 1 16 200.00 20.00
4 1 17 200.00 20.00
4 1 18 200.00 20.00
4 2 1 200.00 20.00
4 2 2 200.00 20.00
4 2 3 200.00 20.00
4 2 4 200.00 20.00
4 2 5 200.00 20.00
4 2 6 200.00 20.00
4 2 7 200.00 20.00
4 2 8 200.00 20.00
4 2 9 200.00 20.00
4 2 10 200.00 20.00
4 2 11 200.00 20.00
4 2 12 200.00 20.00
4 2 13 200.00 20.00
4 2 14 200.00 20.00
4 2 15 200.00 20.00
4 2 16 200.00 20.00
4 2 17 200.00 20.00
4 2 18 200.00 20.00
5 1 1 175.56 87.32
5 1 2 158.56 71.44
5 1 3 236.22 97.07
5 1 4 257.36 104.68
5 1 5 273.479 123.597
5 1 6 275.339 96.223
5 1 7 173.147 46.121
5 1 8 201.214 60.164
5 1 9 169.983 47.576
5 1 10 281.040 97.97
5 1 11 248.628 87.532
5 1 12 500.00 50.0
5 1 13 314.636 120.907
5 1 14 163.719 39.226
5 1 15 289.204 173.085
5 1 16 200.340 58.575
5 1 17 235.710 100.103
5 1 18 307.797 206.723
5 2 1 236.64 90.98
5 2 2 269.32 107.21
5 2 3 177.31 50.17
5 2 4 154.21 36.70
5 2 5 226.396 71.261
5 2 6 199.442 55.544
5 2 7 296.860 107.745
5 2 8 175.419 45.114
5 2 9 391.89 175.37
5 2 10 230.16 72.20
5 2 11 500.00 50.0
5 2 12 200.00 20.00
5 2 13 191.97 62.13
5 2 14 229.07 79.51
5 2 15 219.18 76.09
5 2 16 295.01 119.59
5 2 17 253.699 133.329
5 2 18 500.00 50.0
6 1 1 200.00 20.00
6 1 2 200.00 20.00
6 1 3 200.00 20.00
6 1 4 200.00 20.00
6 1 5 200.00 20.00
6 1 6 200.00 20.00
6 1 7 200.00 20.00
6 1 8 200.00 20.00
6 1 9 200.00 20.00
6 1 10 200.00 20.00
6 1 11 200.00 20.00
6 1 12 200.00 20.00
6 1 13 200.00 20.00
6 1 14 200.00 20.00
6 1 15 200.00 20.00
6 1 16 200.00 20.00
6 1 17 200.00 20.00
6 1 18 200.00 20.00
6 2 1 200.00 20.00
6 2 2 200.00 20.00
6 2 3 200.00 20.00
6 2 4 200.00 20.00
6 2 5 200.00 20.00
6 2 6 200.00 20.00
6 2 7 200.00 20.00
6 2 8 200.00 20.00
6 2 9 200.00 20.00
6 2 10 200.00 20.00
6 2 11 200.00 20.00
6 2 12 200.00 20.00
6 2 13 200.00 20.00
6 2 14 200.00 20.00
6 2 15 200.00 20.00
6 2 16 200.00 20.00
6 2 17 200.00 20.00
6 2 18 200.00 20.00
