1 1 1 200.00 20.00 
1 1 2 200.00 20.00 
1 1 3 200.00 20.00 
1 1 4 200.00 20.00 
1 1 5 200.00 20.00 
1 1 6 200.00 20.00 
1 1 7 200.00 20.00 
1 1 8 200.00 20.00 
1 1 9 200.00 20.00 
1 1 10 200.00 20.00 
1 1 11 200.00 20.00 
1 1 12 200.00 20.00 
1 1 13 200.00 20.00 
1 1 14 200.00 20.00 
1 1 15 200.00 20.00 
1 1 16 200.00 20.00 
1 1 17 200.00 20.00 
1 1 18 200.00 20.00 
1 2 1 200.00 20.00 
1 2 2 200.00 20.00 
1 2 3 200.00 20.00 
1 2 4 200.00 20.00 
1 2 5 200.00 20.00 
1 2 6 200.00 20.00 
1 2 7 200.00 20.00 
1 2 8 200.00 20.00 
1 2 9 200.00 20.00 
1 2 10 200.00 20.00 
1 2 11 200.00 20.00 
1 2 12 200.00 20.00 
1 2 13 200.00 20.00 
1 2 14 200.00 20.00 
1 2 15 200.00 20.00 
1 2 16 200.00 20.00 
1 2 17 200.00 20.00 
1 2 18 200.00 20.00 
2 1 1 188.13 98.68 
2 1 2 200.00 20.00 
2 1 3 500.00 50.00 
2 1 4 500.00 50.00 
2 1 5 305.08 131.24 
2 1 6 375.96 166.82 
2 1 7 200.00 20.00 
2 1 8 167.099 54.232 
2 1 9 200.00 20.00 
2 1 10 291.34 101.95 
2 1 11 204.04 71.06 
2 1 12 200.00 20.00 
2 1 13 200.00 20.00 
2 1 14 160.119 46.41 
2 1 15 200.00 20.00 
2 1 16 200.00 20.00 
2 1 17 200.00 20.00 
2 1 18 200.00 20.00 
2 2 1 158.37 35.36 
2 2 2 140.243 47.048 
2 2 3 500.00 50.00 
2 2 4 235.56 74.19 
2 2 5 165.99 20.94 
2 2 6 304.02 101.07 
2 2 7 245.65 89.17 
2 2 8 140.180 24.683 
2 2 9 164.140 39.421 
2 2 10 313.36 138.56 
2 2 11 200.00 20.00 
2 2 12 202.20 62.16 
2 2 13 159.211 47.911 
2 2 14 291.89 111.20 
2 2 15 252.19 110.55 
2 2 16 199.56 63.14 
2 2 17 500.00 50.00 
2 2 18 133.25 25.97 
3 1 1 152.90 40.08 
3 1 2 143.16 43.25 
3 1 3 104.503 34.075 
3 1 4 192.54 69.66 
3 1 5 200.00 20.00 
3 1 6 167.311 44.784 
3 1 7 192.73 39.69 
3 1 8 214.85 69.06 
3 1 9 174.73 53.69 
3 1 10 165.168 39.164 
3 1 11 193.74 63.01 
3 1 12 204.77 60.19 
3 1 13 262.44 93.62 
3 1 14 185.35 75.34 
3 1 15 213.92 70.48 
3 1 16 157.02 45.55 
3 1 17 158.40 41.58 
3 1 18 148.15 33.09 
3 2 1 148.97 49.13 
3 2 2 153.36 36.53 
3 2 3 133.83 30.29 
3 2 4 147.17 45.23 
3 2 5 197.85 62.60 
3 2 6 291.68 108.88 
3 2 7 273.58 100.32 
3 2 8 201.29 62.46 
3 2 9 209.83 72.78 
3 2 10 178.36 54.69 
3 2 11 213.13 64.33 
3 2 12 185.92 62.10 
3 2 13 165.548 49.010 
3 2 14 170.025 46.219 
3 2 15 500.00 50.00 
3 2 16 196.78 61.43 
3 2 17 163.22 42.61 
3 2 18 170.40 44.19 
4 1 1 200.00 20.00 
4 1 2 200.00 20.00 
4 1 3 200.00 20.00 
4 1 4 200.00 20.00 
4 1 5 200.00 20.00 
4 1 6 200.00 20.00 
4 1 7 200.00 20.00 
4 1 8 200.00 20.00 
4 1 9 200.00 20.00 
4 1 10 200.00 20.00 
4 1 11 200.00 20.00 
4 1 12 200.00 20.00 
4 1 13 200.00 20.00 
4 1 14 200.00 20.00 
4 1 15 200.00 20.00 
4 1 16 200.00 20.00 
4 1 17 200.00 20.00 
4 1 18 200.00 20.00 
4 2 1 200.00 20.00 
4 2 2 200.00 20.00 
4 2 3 200.00 20.00 
4 2 4 200.00 20.00 
4 2 5 200.00 20.00 
4 2 6 200.00 20.00 
4 2 7 200.00 20.00 
4 2 8 200.00 20.00 
4 2 9 200.00 20.00 
4 2 10 200.00 20.00 
4 2 11 200.00 20.00 
4 2 12 200.00 20.00 
4 2 13 200.00 20.00 
4 2 14 200.00 20.00 
4 2 15 200.00 20.00 
4 2 16 200.00 20.00 
4 2 17 200.00 20.00 
4 2 18 200.00 20.00 
5 1 1 168.42 58.13 
5 1 2 152.03 48.65 
5 1 3 151.45 51.66 
5 1 4 185.40 51.51 
5 1 5 166.25 69.56 
5 1 6 233.81 78.15 
5 1 7 195.84 62.70 
5 1 8 202.04 65.25 
5 1 9 186.64 61.07 
5 1 10 201.17 60.52 
5 1 11 204.59 60.07 
5 1 12 225.28 81.54 
5 1 13 230.90 79.40 
5 1 14 183.22 66.87 
5 1 15 231.84 80.54 
5 1 16 182.82 53.51 
5 1 17 209.63 73.12 
5 1 18 193.38 92.61 
5 2 1 165.73 39.04 
5 2 2 192.97 55.18 
5 2 3 156.62 35.08 
5 2 4 153.24 30.94 
5 2 5 209.88 65.66 
5 2 6 196.30 64.05 
5 2 7 223.09 68.29 
5 2 8 187.79 62.66 
5 2 9 217.00 66.86 
5 2 10 194.08 55.61 
5 2 11 500.00 50.00 
5 2 12 200.00 20.00 
5 2 13 169.80 54.73 
5 2 14 236.63 85.68 
5 2 15 173.84 48.32 
5 2 16 198.37 63.76 
5 2 17 211.70 71.51 
5 2 18 500.00 50.00 
6 1 1 131.20 33.38 
6 1 2 226.832 135.830 
6 1 3 241.702 107.012 
6 1 4 168.97 51.23 
6 1 5 178.72 52.58 
6 1 6 191.97 70.36 
6 1 7 159.632 38.019 
6 1 8 500.00 50.00 
6 1 9 160.659 43.612 
6 1 10 221.29 75.28 
6 1 11 184.92 64.61 
6 1 12 162.625 38.282 
6 1 13 194.88 65.97 
6 1 14 240.48 74.92 
6 1 15 192.34 56.60 
6 1 16 163.77 40.71 
6 1 17 148.87 27.44 
6 1 18 124.83 20.89 
6 2 1 151.08 33.46 
6 2 2 147.06 34.04 
6 2 3 199.05 65.62 
6 2 4 225.40 72.44 
6 2 5 177.53 57.96 
6 2 6 174.29 59.92 
6 2 7 177.531 44.239 
6 2 8 223.56 56.47 
6 2 9 164.072 43.917 
6 2 10 244.22 93.59 
6 2 11 500.00 50.00 
6 2 12 205.37 59.76 
6 2 13 166.689 52.467 
6 2 14 205.46 63.82 
6 2 15 500.00 50.00 
6 2 16 152.63 47.94 
6 2 17 158.54 40.25 
6 2 18 500.00 50.00 
