1 1 1 200.00 20.00 
1 1 2 200.00 20.00 
1 1 3 200.00 20.00 
1 1 4 200.00 20.00 
1 1 5 200.00 20.00 
1 1 6 200.00 20.00 
1 1 7 200.00 20.00 
1 1 8 200.00 20.00 
1 1 9 200.00 20.00 
1 1 10 200.00 20.00 
1 1 11 200.00 20.00 
1 1 12 200.00 20.00 
1 1 13 200.00 20.00 
1 1 14 200.00 20.00 
1 1 15 200.00 20.00 
1 1 16 200.00 20.00 
1 1 17 200.00 20.00 
1 1 18 200.00 20.00 
1 2 1 200.00 20.00 
1 2 2 200.00 20.00 
1 2 3 200.00 20.00 
1 2 4 200.00 20.00 
1 2 5 200.00 20.00 
1 2 6 200.00 20.00 
1 2 7 200.00 20.00 
1 2 8 200.00 20.00 
1 2 9 200.00 20.00 
1 2 10 200.00 20.00 
1 2 11 200.00 20.00 
1 2 12 200.00 20.00 
1 2 13 200.00 20.00 
1 2 14 200.00 20.00 
1 2 15 200.00 20.00 
1 2 16 200.00 20.00 
1 2 17 200.00 20.00 
1 2 18 200.00 20.00 
2 1 1 189.10 101.49 
2 1 2 200.00 20.00 
2 1 3 500.00 50.00 
2 1 4 500.00 50.00 
2 1 5 290.78 123.65 
2 1 6 394.49 182.23 
2 1 7 200.00 20.00 
2 1 8 167.47 79.84 
2 1 9 200.00 20.00 
2 1 10 273.43 94.81 
2 1 11 201.72 70.51 
2 1 12 200.00 20.00 
2 1 13 200.00 20.00 
2 1 14 153.14 51.02 
2 1 15 200.00 20.00 
2 1 16 200.00 20.00 
2 1 17 200.00 20.00 
2 1 18 200.00 20.00 
2 2 1 159.54 35.52 
2 2 2 138.91 39.65 
2 2 3 500.00 50.00 
2 2 4 228.80 78.47 
2 2 5 176.58 25.32 
2 2 6 313.95 108.95 
2 2 7 240.10 86.62 
2 2 8 138.468 25.882 
2 2 9 169.25 52.62 
2 2 10 302.55 126.60 
2 2 11 200.00 20.00 
2 2 12 191.27 55.30 
2 2 13 158.36 59.64 
2 2 14 289.56 119.57 
2 2 15 144.308 29.538 
2 2 16 197.86 62.47 
2 2 17 500.00 50.00 
2 2 18 130.08 25.83 
3 1 1 155.24 40.43 
3 1 2 143.59 44.28 
3 1 3 102.291 57.160 
3 1 4 243.791 122.601 
3 1 5 200.00 20.00 
3 1 6 153.694 38.310 
3 1 7 190.58 41.44 
3 1 8 208.29 70.15 
3 1 9 170.25 51.76 
3 1 10 157.121 36.493 
3 1 11 185.44 58.73 
3 1 12 199.84 61.41 
3 1 13 251.80 87.67 
3 1 14 169.63 60.87 
3 1 15 206.19 65.80 
3 1 16 152.29 44.31 
3 1 17 154.23 42.36 
3 1 18 135.58 29.25 
3 2 1 149.37 53.75 
3 2 2 153.35 36.92 
3 2 3 133.97 30.65 
3 2 4 146.10 45.33 
3 2 5 193.33 61.86 
3 2 6 282.18 106.21 
3 2 7 275.75 105.03 
3 2 8 196.15 60.15 
3 2 9 205.59 69.06 
3 2 10 175.43 51.85 
3 2 11 206.57 61.50 
3 2 12 177.46 56.61 
3 2 13 164.309 52.819 
3 2 14 161.475 44.354 
3 2 15 500.00 50.00 
3 2 16 191.17 57.73 
3 2 17 158.79 45.46 
3 2 18 173.45 43.37 
4 1 1 200.00 20.00 
4 1 2 200.00 20.00 
4 1 3 200.00 20.00 
4 1 4 200.00 20.00 
4 1 5 200.00 20.00 
4 1 6 200.00 20.00 
4 1 7 200.00 20.00 
4 1 8 200.00 20.00 
4 1 9 200.00 20.00 
4 1 10 200.00 20.00 
4 1 11 200.00 20.00 
4 1 12 200.00 20.00 
4 1 13 200.00 20.00 
4 1 14 200.00 20.00 
4 1 15 200.00 20.00 
4 1 16 200.00 20.00 
4 1 17 200.00 20.00 
4 1 18 200.00 20.00 
4 2 1 200.00 20.00 
4 2 2 200.00 20.00 
4 2 3 200.00 20.00 
4 2 4 200.00 20.00 
4 2 5 200.00 20.00 
4 2 6 200.00 20.00 
4 2 7 200.00 20.00 
4 2 8 200.00 20.00 
4 2 9 200.00 20.00 
4 2 10 200.00 20.00 
4 2 11 200.00 20.00 
4 2 12 200.00 20.00 
4 2 13 200.00 20.00 
4 2 14 200.00 20.00 
4 2 15 200.00 20.00 
4 2 16 200.00 20.00 
4 2 17 200.00 20.00 
4 2 18 200.00 20.00 
5 1 1 168.60 56.45 
5 1 2 146.60 45.17 
5 1 3 173.74 46.09 
5 1 4 183.80 50.15 
5 1 5 165.19 65.86 
5 1 6 226.92 75.17 
5 1 7 183.68 57.75 
5 1 8 193.08 60.26 
5 1 9 175.68 54.94 
5 1 10 193.29 56.13 
5 1 11 200.72 58.67 
5 1 12 218.45 73.31 
5 1 13 225.53 75.40 
5 1 14 166.92 56.75 
5 1 15 229.59 78.87 
5 1 16 176.97 48.04 
5 1 17 209.12 71.52 
5 1 18 214.32 72.02 
5 2 1 164.14 37.65 
5 2 2 188.63 52.64 
5 2 3 155.79 34.55 
5 2 4 151.75 29.23 
5 2 5 202.69 60.42 
5 2 6 188.98 57.36 
5 2 7 215.78 63.42 
5 2 8 180.29 55.49 
5 2 9 211.35 64.57 
5 2 10 186.36 51.59 
5 2 11 500.00 50.00 
5 2 12 200.00 20.00 
5 2 13 162.67 45.77 
5 2 14 233.61 78.10 
5 2 15 169.77 41.83 
5 2 16 196.79 60.92 
5 2 17 215.00 66.06 
5 2 18 500.00 50.00 
6 1 1 129.34 33.15 
6 1 2 188.90 66.96 
6 1 3 245.959 101.345 
6 1 4 170.32 51.37 
6 1 5 173.54 48.99 
6 1 6 177.88 62.90 
6 1 7 153.462 34.457 
6 1 8 500.00 50.00 
6 1 9 152.455 43.187 
6 1 10 221.92 72.72 
6 1 11 176.64 56.49 
6 1 12 176.25 64.29 
6 1 13 185.36 59.36 
6 1 14 231.03 72.68 
6 1 15 186.78 52.56 
6 1 16 148.48 33.77 
6 1 17 145.86 25.87 
6 1 18 124.36 20.75 
6 2 1 148.19 30.91 
6 2 2 146.00 32.63 
6 2 3 196.21 64.40 
6 2 4 225.15 73.02 
6 2 5 171.21 52.24 
6 2 6 169.79 51.34 
6 2 7 167.628 41.788 
6 2 8 223.64 57.16 
6 2 9 156.369 38.253 
6 2 10 252.92 106.87 
6 2 11 500.00 50.00 
6 2 12 198.13 56.85 
6 2 13 166.32 74.08 
6 2 14 199.85 59.64 
6 2 15 500.00 50.00 
6 2 16 144.64 44.03 
6 2 17 158.44 37.79 
6 2 18 500.00 50.00 
