1 1 1 200.00 20.00 
1 1 2 200.00 20.00 
1 1 3 200.00 20.00 
1 1 4 200.00 20.00 
1 1 5 200.00 20.00 
1 1 6 200.00 20.00 
1 1 7 200.00 20.00 
1 1 8 200.00 20.00 
1 1 9 200.00 20.00 
1 1 10 200.00 20.00 
1 1 11 200.00 20.00 
1 1 12 200.00 20.00 
1 1 13 200.00 20.00 
1 1 14 200.00 20.00 
1 1 15 200.00 20.00 
1 1 16 200.00 20.00 
1 1 17 200.00 20.00 
1 1 18 200.00 20.00 
1 2 1 200.00 20.00 
1 2 2 200.00 20.00 
1 2 3 200.00 20.00 
1 2 4 200.00 20.00 
1 2 5 200.00 20.00 
1 2 6 200.00 20.00 
1 2 7 200.00 20.00 
1 2 8 200.00 20.00 
1 2 9 200.00 20.00 
1 2 10 200.00 20.00 
1 2 11 200.00 20.00 
1 2 12 200.00 20.00 
1 2 13 200.00 20.00 
1 2 14 200.00 20.00 
1 2 15 200.00 20.00 
1 2 16 200.00 20.00 
1 2 17 200.00 20.00 
1 2 18 200.00 20.00 
2 1 1 192.26 110.63 
2 1 2 200.00 20.00 
2 1 3 148.21 45.22 
2 1 4 401.01 335.30 
2 1 5 302.90 140.22 
2 1 6 412.15 208.29 
2 1 7 183.22 52.19 
2 1 8 148.89 45.82 
2 1 9 156.643 53.111 
2 1 10 149.85 38.40 
2 1 11 203.04 67.98 
2 1 12 210.47 62.13 
2 1 13 142.63 39.74 
2 1 14 136.72 33.26 
2 1 15 136.45 31.56 
2 1 16 218.72 66.61 
2 1 17 145.76 35.51 
2 1 18 134.56 33.75 
2 2 1 162.94 39.53 
2 2 2 138.069 55.586 
2 2 3 500.00 50.00 
2 2 4 200.00 20.00 
2 2 5 193.89 22.86 
2 2 6 239.83 87.85 
2 2 7 229.39 83.33 
2 2 8 143.755 30.226 
2 2 9 154.78 43.88 
2 2 10 301.40 133.18 
2 2 11 141.464 32.497 
2 2 12 180.29 48.39 
2 2 13 139.82 33.76 
2 2 14 257.41 102.96 
2 2 15 146.994 34.961 
2 2 16 211.46 72.45 
2 2 17 432.48 196.88 
2 2 18 136.168 38.356 
3 1 1 160.02 45.10 
3 1 2 148.17 48.55 
3 1 3 101.291 29.296 
3 1 4 247.002 131.953 
3 1 5 200.00 20.00 
3 1 6 135.94 28.75 
3 1 7 213.09 56.52 
3 1 8 195.29 56.88 
3 1 9 162.04 42.35 
3 1 10 145.12 33.60 
3 1 11 172.72 44.44 
3 1 12 184.22 47.86 
3 1 13 241.74 84.08 
3 1 14 156.92 36.57 
3 1 15 196.46 56.52 
3 1 16 144.29 32.61 
3 1 17 156.33 39.03 
3 1 18 142.461 31.377 
3 2 1 154.17 65.59 
3 2 2 164.34 43.29 
3 2 3 137.97 35.27 
3 2 4 144.62 40.54 
3 2 5 178.46 50.51 
3 2 6 265.11 96.53 
3 2 7 227.65 90.76 
3 2 8 180.84 49.29 
3 2 9 190.60 57.50 
3 2 10 165.13 46.02 
3 2 11 191.80 52.61 
3 2 12 160.57 45.46 
3 2 13 136.727 43.627 
3 2 14 150.519 47.697 
3 2 15 500.00 50.00 
3 2 16 186.19 54.79 
3 2 17 159.33 44.94 
3 2 18 171.82 47.30 
4 1 1 200.00 20.00 
4 1 2 200.00 20.00 
4 1 3 200.00 20.00 
4 1 4 200.00 20.00 
4 1 5 200.00 20.00 
4 1 6 200.00 20.00 
4 1 7 200.00 20.00 
4 1 8 200.00 20.00 
4 1 9 200.00 20.00 
4 1 10 200.00 20.00 
4 1 11 200.00 20.00 
4 1 12 200.00 20.00 
4 1 13 200.00 20.00 
4 1 14 200.00 20.00 
4 1 15 200.00 20.00 
4 1 16 200.00 20.00 
4 1 17 200.00 20.00 
4 1 18 200.00 20.00 
4 2 1 200.00 20.00 
4 2 2 200.00 20.00 
4 2 3 200.00 20.00 
4 2 4 200.00 20.00 
4 2 5 200.00 20.00 
4 2 6 200.00 20.00 
4 2 7 200.00 20.00 
4 2 8 200.00 20.00 
4 2 9 200.00 20.00 
4 2 10 200.00 20.00 
4 2 11 200.00 20.00 
4 2 12 200.00 20.00 
4 2 13 200.00 20.00 
4 2 14 200.00 20.00 
4 2 15 200.00 20.00 
4 2 16 200.00 20.00 
4 2 17 200.00 20.00 
4 2 18 200.00 20.00 
5 1 1 174.27 59.62 
5 1 2 155.45 52.36 
5 1 3 182.03 48.34 
5 1 4 182.76 47.52 
5 1 5 168.86 47.26 
5 1 6 200.82 58.68 
5 1 7 169.04 41.99 
5 1 8 174.53 44.39 
5 1 9 157.65 42.69 
5 1 10 175.36 42.88 
5 1 11 186.99 48.11 
5 1 12 196.29 57.31 
5 1 13 216.00 68.74 
5 1 14 160.95 41.36 
5 1 15 230.03 77.25 
5 1 16 171.86 44.65 
5 1 17 203.38 66.67 
5 1 18 212.15 71.61 
5 2 1 166.28 39.95 
5 2 2 194.63 56.36 
5 2 3 161.64 38.11 
5 2 4 151.84 29.98 
5 2 5 183.19 49.21 
5 2 6 168.65 40.81 
5 2 7 201.18 54.69 
5 2 8 171.60 43.09 
5 2 9 209.77 63.23 
5 2 10 172.80 41.28 
5 2 11 500.00 50.00 
5 2 12 200.00 20.00 
5 2 13 146.65 35.22 
5 2 14 225.59 75.06 
5 2 15 159.51 36.30 
5 2 16 190.56 53.95 
5 2 17 219.68 70.93 
5 2 18 500.00 50.00 
6 1 1 135.06 36.38 
6 1 2 244.452 147.811 
6 1 3 257.486 115.687 
6 1 4 171.80 51.43 
6 1 5 157.96 35.32 
6 1 6 156.60 37.18 
6 1 7 142.70 29.93 
6 1 8 500.00 50.00 
6 1 9 145.98 39.45 
6 1 10 209.65 67.88 
6 1 11 164.52 42.49 
6 1 12 144.81 29.52 
6 1 13 175.53 49.32 
6 1 14 221.46 66.37 
6 1 15 181.74 49.36 
6 1 16 148.26 32.66 
6 1 17 149.69 27.54 
6 1 18 124.71 22.44 
6 2 1 150.77 31.98 
6 2 2 149.81 34.78 
6 2 3 206.35 71.78 
6 2 4 226.52 72.70 
6 2 5 156.21 37.00 
6 2 6 153.33 35.33 
6 2 7 146.916 33.924 
6 2 8 214.81 58.25 
6 2 9 135.83 27.60 
6 2 10 200.29 86.88 
6 2 11 500.00 50.00 
6 2 12 187.37 45.91 
6 2 13 140.89 32.02 
6 2 14 192.95 51.67 
6 2 15 500.00 50.00 
6 2 16 134.698 29.494 
6 2 17 155.04 36.25 
6 2 18 500.00 50.00 
