1 1 1 200.00 20.00 
1 1 2 200.00 20.00 
1 1 3 200.00 20.00 
1 1 4 200.00 20.00 
1 1 5 200.00 20.00 
1 1 6 200.00 20.00 
1 1 7 200.00 20.00 
1 1 8 200.00 20.00 
1 1 9 200.00 20.00 
1 1 10 200.00 20.00 
1 1 11 200.00 20.00 
1 1 12 200.00 20.00 
1 1 13 200.00 20.00 
1 1 14 200.00 20.00 
1 1 15 200.00 20.00 
1 1 16 200.00 20.00 
1 1 17 200.00 20.00 
1 1 18 200.00 20.00 
1 2 1 200.00 20.00 
1 2 2 200.00 20.00 
1 2 3 200.00 20.00 
1 2 4 200.00 20.00 
1 2 5 200.00 20.00 
1 2 6 200.00 20.00 
1 2 7 200.00 20.00 
1 2 8 200.00 20.00 
1 2 9 200.00 20.00 
1 2 10 200.00 20.00 
1 2 11 200.00 20.00 
1 2 12 200.00 20.00 
1 2 13 200.00 20.00 
1 2 14 200.00 20.00 
1 2 15 200.00 20.00 
1 2 16 200.00 20.00 
1 2 17 200.00 20.00 
1 2 18 200.00 20.00 
2 1 1 200.00 20.00 
2 1 2 200.00 20.00 
2 1 3 200.00 20.00 
2 1 4 200.00 20.00 
2 1 5 200.00 20.00 
2 1 6 200.00 20.00 
2 1 7 200.00 20.00 
2 1 8 200.00 20.00 
2 1 9 200.00 20.00 
2 1 10 200.00 20.00 
2 1 11 200.00 20.00 
2 1 12 200.00 20.00 
2 1 13 200.00 20.00 
2 1 14 200.00 20.00 
2 1 15 200.00 20.00 
2 1 16 200.00 20.00 
2 1 17 200.00 20.00 
2 1 18 200.00 20.00 
2 2 1 200.00 20.00 
2 2 2 200.00 20.00 
2 2 3 200.00 20.00 
2 2 4 200.00 20.00 
2 2 5 200.00 20.00 
2 2 6 200.00 20.00 
2 2 7 200.00 20.00 
2 2 8 200.00 20.00 
2 2 9 200.00 20.00 
2 2 10 200.00 20.00 
2 2 11 200.00 20.00 
2 2 12 200.00 20.00 
2 2 13 200.00 20.00 
2 2 14 200.00 20.00 
2 2 15 200.00 20.00 
2 2 16 200.00 20.00 
2 2 17 200.00 20.00 
2 2 18 200.00 20.00 
3 1 1 186.040 76.592 
3 1 2 145.35 45.59 
3 1 3 101.830 38.016 
3 1 4 213.870 117.341 
3 1 5 200.00 20.00 
3 1 6 142.626 30.541 
3 1 7 195.07 43.16 
3 1 8 202.90 63.32 
3 1 9 167.77 46.39 
3 1 10 149.586 33.161 
3 1 11 179.74 52.03 
3 1 12 199.07 55.93 
3 1 13 249.68 89.74 
3 1 14 166.562 43.394 
3 1 15 213.37 70.39 
3 1 16 158.190 39.082 
3 1 17 161.19 44.25 
3 1 18 129.188 22.303 
3 2 1 141.414 42.268 
3 2 2 157.21 39.62 
3 2 3 138.22 36.98 
3 2 4 144.318 38.148 
3 2 5 192.71 60.44 
3 2 6 280.65 105.19 
3 2 7 258.71 100.98 
3 2 8 186.62 54.45 
3 2 9 203.27 66.79 
3 2 10 168.09 51.40 
3 2 11 203.34 60.30 
3 2 12 174.76 51.59 
3 2 13 177.374 70.149 
3 2 14 156.642 46.926 
3 2 15 500.00 50.00 
3 2 16 201.41 65.10 
3 2 17 166.36 50.73 
3 2 18 171.13 47.38 
4 1 1 200.00 20.00 
4 1 2 200.00 20.00 
4 1 3 200.00 20.00 
4 1 4 200.00 20.00 
4 1 5 200.00 20.00 
4 1 6 200.00 20.00 
4 1 7 200.00 20.00 
4 1 8 200.00 20.00 
4 1 9 200.00 20.00 
4 1 10 200.00 20.00 
4 1 11 200.00 20.00 
4 1 12 200.00 20.00 
4 1 13 200.00 20.00 
4 1 14 200.00 20.00 
4 1 15 200.00 20.00 
4 1 16 200.00 20.00 
4 1 17 200.00 20.00 
4 1 18 200.00 20.00 
4 2 1 200.00 20.00 
4 2 2 200.00 20.00 
4 2 3 200.00 20.00 
4 2 4 200.00 20.00 
4 2 5 200.00 20.00 
4 2 6 200.00 20.00 
4 2 7 200.00 20.00 
4 2 8 200.00 20.00 
4 2 9 200.00 20.00 
4 2 10 200.00 20.00 
4 2 11 200.00 20.00 
4 2 12 200.00 20.00 
4 2 13 200.00 20.00 
4 2 14 200.00 20.00 
4 2 15 200.00 20.00 
4 2 16 200.00 20.00 
4 2 17 200.00 20.00 
4 2 18 200.00 20.00 
5 1 1 200.212 113.302 
5 1 2 156.29 50.02 
5 1 3 182.55 51.91 
5 1 4 194.36 56.39 
5 1 5 176.365 52.309 
5 1 6 215.98 67.67 
5 1 7 173.29 46.80 
5 1 8 182.20 53.76 
5 1 9 166.27 47.35 
5 1 10 188.69 54.48 
5 1 11 192.98 53.78 
5 1 12 209.34 70.25 
5 1 13 224.86 74.79 
5 1 14 173.142 47.533 
5 1 15 231.06 81.29 
5 1 16 184.82 55.44 
5 1 17 203.95 73.64 
5 1 18 218.69 80.87 
5 2 1 167.14 40.08 
5 2 2 192.57 54.63 
5 2 3 161.82 40.74 
5 2 4 154.69 34.47 
5 2 5 198.67 60.11 
5 2 6 176.69 48.79 
5 2 7 208.22 60.14 
5 2 8 182.19 52.14 
5 2 9 214.08 66.30 
5 2 10 178.60 46.81 
5 2 11 200.00 20.00 
5 2 12 200.00 20.00 
5 2 13 162.24 44.07 
5 2 14 225.28 77.35 
5 2 15 170.22 45.36 
5 2 16 198.97 63.20 
5 2 17 221.15 74.69 
5 2 18 500.00 50.00 
6 1 1 200.00 20.00 
6 1 2 200.00 20.00 
6 1 3 200.00 20.00 
6 1 4 200.00 20.00 
6 1 5 200.00 20.00 
6 1 6 200.00 20.00 
6 1 7 200.00 20.00 
6 1 8 200.00 20.00 
6 1 9 200.00 20.00 
6 1 10 200.00 20.00 
6 1 11 200.00 20.00 
6 1 12 200.00 20.00 
6 1 13 200.00 20.00 
6 1 14 200.00 20.00 
6 1 15 200.00 20.00 
6 1 16 200.00 20.00 
6 1 17 200.00 20.00 
6 1 18 200.00 20.00 
6 2 1 200.00 20.00 
6 2 2 200.00 20.00 
6 2 3 200.00 20.00 
6 2 4 200.00 20.00 
6 2 5 200.00 20.00 
6 2 6 200.00 20.00 
6 2 7 200.00 20.00 
6 2 8 200.00 20.00 
6 2 9 200.00 20.00 
6 2 10 200.00 20.00 
6 2 11 200.00 20.00 
6 2 12 200.00 20.00 
6 2 13 200.00 20.00 
6 2 14 200.00 20.00 
6 2 15 200.00 20.00 
6 2 16 200.00 20.00 
6 2 17 200.00 20.00 
6 2 18 200.00 20.00 
