1 1 1 200.00 20.00 
1 1 2 200.00 20.00 
1 1 3 200.00 20.00 
1 1 4 200.00 20.00 
1 1 5 200.00 20.00 
1 1 6 200.00 20.00 
1 1 7 200.00 20.00 
1 1 8 200.00 20.00 
1 1 9 200.00 20.00 
1 1 10 200.00 20.00 
1 1 11 200.00 20.00 
1 1 12 200.00 20.00 
1 1 13 200.00 20.00 
1 1 14 200.00 20.00 
1 1 15 200.00 20.00 
1 1 16 200.00 20.00 
1 1 17 200.00 20.00 
1 1 18 200.00 20.00 
1 2 1 200.00 20.00 
1 2 2 200.00 20.00 
1 2 3 200.00 20.00 
1 2 4 200.00 20.00 
1 2 5 200.00 20.00 
1 2 6 200.00 20.00 
1 2 7 200.00 20.00 
1 2 8 200.00 20.00 
1 2 9 200.00 20.00 
1 2 10 200.00 20.00 
1 2 11 200.00 20.00 
1 2 12 200.00 20.00 
1 2 13 200.00 20.00 
1 2 14 200.00 20.00 
1 2 15 200.00 20.00 
1 2 16 200.00 20.00 
1 2 17 200.00 20.00 
1 2 18 200.00 20.00 
2 1 1 200.00 20.00 
2 1 2 200.00 20.00 
2 1 3 200.00 20.00 
2 1 4 200.00 20.00 
2 1 5 200.00 20.00 
2 1 6 200.00 20.00 
2 1 7 200.00 20.00 
2 1 8 200.00 20.00 
2 1 9 200.00 20.00 
2 1 10 200.00 20.00 
2 1 11 200.00 20.00 
2 1 12 200.00 20.00 
2 1 13 200.00 20.00 
2 1 14 200.00 20.00 
2 1 15 200.00 20.00 
2 1 16 200.00 20.00 
2 1 17 200.00 20.00 
2 1 18 200.00 20.00 
2 2 1 200.00 20.00 
2 2 2 200.00 20.00 
2 2 3 200.00 20.00 
2 2 4 200.00 20.00 
2 2 5 200.00 20.00 
2 2 6 200.00 20.00 
2 2 7 200.00 20.00 
2 2 8 200.00 20.00 
2 2 9 200.00 20.00 
2 2 10 200.00 20.00 
2 2 11 200.00 20.00 
2 2 12 200.00 20.00 
2 2 13 200.00 20.00 
2 2 14 200.00 20.00 
2 2 15 200.00 20.00 
2 2 16 200.00 20.00 
2 2 17 200.00 20.00 
2 2 18 200.00 20.00 
3 1 1 188.024 73.344 
3 1 2 151.875 61.942 
3 1 3 113.359 66.654 
3 1 4 214.505 115.569 
3 1 5 200.00 20.00 
3 1 6 138.21 30.83 
3 1 7 207.68 52.45 
3 1 8 198.55 59.54 
3 1 9 163.13 42.86 
3 1 10 144.790 31.003 
3 1 11 172.33 45.31 
3 1 12 191.70 49.97 
3 1 13 241.33 85.79 
3 1 14 155.99 36.12 
3 1 15 200.29 59.98 
3 1 16 142.14 30.02 
3 1 17 157.48 40.37 
3 1 18 134.949 30.637 
3 2 1 143.121 40.987 
3 2 2 161.37 43.57 
3 2 3 140.62 38.90 
3 2 4 142.364 36.658 
3 2 5 183.06 52.99 
3 2 6 269.04 97.82 
3 2 7 213.836 66.394 
3 2 8 182.61 50.84 
3 2 9 197.40 62.06 
3 2 10 165.99 48.09 
3 2 11 192.90 53.82 
3 2 12 163.41 45.50 
3 2 13 132.156 36.319 
3 2 14 138.379 32.899 
3 2 15 500.00 50.00 
3 2 16 188.70 54.82 
3 2 17 165.53 50.98 
3 2 18 178.29 50.13 
4 1 1 200.00 20.00 
4 1 2 200.00 20.00 
4 1 3 200.00 20.00 
4 1 4 200.00 20.00 
4 1 5 200.00 20.00 
4 1 6 200.00 20.00 
4 1 7 200.00 20.00 
4 1 8 200.00 20.00 
4 1 9 200.00 20.00 
4 1 10 200.00 20.00 
4 1 11 200.00 20.00 
4 1 12 200.00 20.00 
4 1 13 200.00 20.00 
4 1 14 200.00 20.00 
4 1 15 200.00 20.00 
4 1 16 200.00 20.00 
4 1 17 200.00 20.00 
4 1 18 200.00 20.00 
4 2 1 200.00 20.00 
4 2 2 200.00 20.00 
4 2 3 200.00 20.00 
4 2 4 200.00 20.00 
4 2 5 200.00 20.00 
4 2 6 200.00 20.00 
4 2 7 200.00 20.00 
4 2 8 200.00 20.00 
4 2 9 200.00 20.00 
4 2 10 200.00 20.00 
4 2 11 200.00 20.00 
4 2 12 200.00 20.00 
4 2 13 200.00 20.00 
4 2 14 200.00 20.00 
4 2 15 200.00 20.00 
4 2 16 200.00 20.00 
4 2 17 200.00 20.00 
4 2 18 200.00 20.00 
5 1 1 195.191 117.305 
5 1 2 159.40 55.87 
5 1 3 183.76 52.42 
5 1 4 188.67 52.78 
5 1 5 172.39 50.45 
5 1 6 203.03 59.92 
5 1 7 164.62 40.71 
5 1 8 176.75 47.71 
5 1 9 158.35 42.83 
5 1 10 178.92 47.18 
5 1 11 192.54 51.28 
5 1 12 196.20 59.23 
5 1 13 225.65 72.68 
5 1 14 164.58 43.13 
5 1 15 228.13 78.31 
5 1 16 169.23 46.35 
5 1 17 195.78 68.82 
5 1 18 221.85 79.89 
5 2 1 169.60 42.59 
5 2 2 195.90 57.18 
5 2 3 163.97 40.29 
5 2 4 150.10 30.46 
5 2 5 189.32 52.24 
5 2 6 165.41 40.75 
5 2 7 201.86 55.92 
5 2 8 178.57 48.93 
5 2 9 217.01 66.89 
5 2 10 172.92 42.81 
5 2 11 200.00 20.00 
5 2 12 200.00 20.00 
5 2 13 153.37 37.24 
5 2 14 236.52 81.10 
5 2 15 162.05 37.92 
5 2 16 190.44 55.56 
5 2 17 217.73 71.20 
5 2 18 500.00 50.00 
6 1 1 200.00 20.00 
6 1 2 200.00 20.00 
6 1 3 200.00 20.00 
6 1 4 200.00 20.00 
6 1 5 200.00 20.00 
6 1 6 200.00 20.00 
6 1 7 200.00 20.00 
6 1 8 200.00 20.00 
6 1 9 200.00 20.00 
6 1 10 200.00 20.00 
6 1 11 200.00 20.00 
6 1 12 200.00 20.00 
6 1 13 200.00 20.00 
6 1 14 200.00 20.00 
6 1 15 200.00 20.00 
6 1 16 200.00 20.00 
6 1 17 200.00 20.00 
6 1 18 200.00 20.00 
6 2 1 200.00 20.00 
6 2 2 200.00 20.00 
6 2 3 200.00 20.00 
6 2 4 200.00 20.00 
6 2 5 200.00 20.00 
6 2 6 200.00 20.00 
6 2 7 200.00 20.00 
6 2 8 200.00 20.00 
6 2 9 200.00 20.00 
6 2 10 200.00 20.00 
6 2 11 200.00 20.00 
6 2 12 200.00 20.00 
6 2 13 200.00 20.00 
6 2 14 200.00 20.00 
6 2 15 200.00 20.00 
6 2 16 200.00 20.00 
6 2 17 200.00 20.00 
6 2 18 200.00 20.00 
