1 1 1 200.00 20.00 
1 1 2 200.00 20.00 
1 1 3 200.00 20.00 
1 1 4 200.00 20.00 
1 1 5 200.00 20.00 
1 1 6 200.00 20.00 
1 1 7 200.00 20.00 
1 1 8 200.00 20.00 
1 1 9 200.00 20.00 
1 1 10 200.00 20.00 
1 1 11 200.00 20.00 
1 1 12 200.00 20.00 
1 1 13 200.00 20.00 
1 1 14 200.00 20.00 
1 1 15 200.00 20.00 
1 1 16 200.00 20.00 
1 1 17 200.00 20.00 
1 1 18 200.00 20.00 
1 2 1 200.00 20.00 
1 2 2 200.00 20.00 
1 2 3 200.00 20.00 
1 2 4 200.00 20.00 
1 2 5 200.00 20.00 
1 2 6 200.00 20.00 
1 2 7 200.00 20.00 
1 2 8 200.00 20.00 
1 2 9 200.00 20.00 
1 2 10 200.00 20.00 
1 2 11 200.00 20.00 
1 2 12 200.00 20.00 
1 2 13 200.00 20.00 
1 2 14 200.00 20.00 
1 2 15 200.00 20.00 
1 2 16 200.00 20.00 
1 2 17 200.00 20.00 
1 2 18 200.00 20.00 
2 1 1 200.00 20.00 
2 1 2 200.00 20.00 
2 1 3 200.00 20.00 
2 1 4 200.00 20.00 
2 1 5 200.00 20.00 
2 1 6 200.00 20.00 
2 1 7 200.00 20.00 
2 1 8 200.00 20.00 
2 1 9 200.00 20.00 
2 1 10 200.00 20.00 
2 1 11 200.00 20.00 
2 1 12 200.00 20.00 
2 1 13 200.00 20.00 
2 1 14 200.00 20.00 
2 1 15 200.00 20.00 
2 1 16 200.00 20.00 
2 1 17 200.00 20.00 
2 1 18 200.00 20.00 
2 2 1 200.00 20.00 
2 2 2 200.00 20.00 
2 2 3 200.00 20.00 
2 2 4 200.00 20.00 
2 2 5 200.00 20.00 
2 2 6 200.00 20.00 
2 2 7 200.00 20.00 
2 2 8 200.00 20.00 
2 2 9 200.00 20.00 
2 2 10 200.00 20.00 
2 2 11 200.00 20.00 
2 2 12 200.00 20.00 
2 2 13 200.00 20.00 
2 2 14 200.00 20.00 
2 2 15 200.00 20.00 
2 2 16 200.00 20.00 
2 2 17 200.00 20.00 
2 2 18 200.00 20.00 
3 1 1 137.58 36.60 
3 1 2 112.208 33.941 
3 1 3 137.834 41.613 
3 1 4 214.575 83.851 
3 1 5 200.00 20.00 
3 1 6 218.57 96.02 
3 1 7 192.52 46.28 
3 1 8 199.04 61.48 
3 1 9 155.94 39.53 
3 1 10 153.638 34.673 
3 1 11 175.64 47.80 
3 1 12 302.45 104.22 
3 1 13 500.00 50.00 
3 1 14 229.39 74.62 
3 1 15 245.42 86.30 
3 1 16 139.634 29.459 
3 1 17 139.18 34.83 
3 1 18 500.00 50.0 
3 2 1 274.81 156.43 
3 2 2 190.09 55.83 
3 2 3 198.720 68.413 
3 2 4 151.536 35.143 
3 2 5 407.09 220.55 
3 2 6 417.74 218.38 
3 2 7 185.652 40.919 
3 2 8 243.79 83.03 
3 2 9 208.76 69.60 
3 2 10 170.82 49.77 
3 2 11 282.36 99.62 
3 2 12 156.729 37.359 
3 2 13 219.63 95.62 
3 2 14 201.446 69.893 
3 2 15 204.40 118.67 
3 2 16 308.41 126.19 
3 2 17 160.69 47.18 
3 2 18 171.20 48.02 
4 1 1 200.00 20.00 
4 1 2 200.00 20.00 
4 1 3 200.00 20.00 
4 1 4 200.00 20.00 
4 1 5 200.00 20.00 
4 1 6 200.00 20.00 
4 1 7 200.00 20.00 
4 1 8 200.00 20.00 
4 1 9 200.00 20.00 
4 1 10 200.00 20.00 
4 1 11 200.00 20.00 
4 1 12 200.00 20.00 
4 1 13 200.00 20.00 
4 1 14 200.00 20.00 
4 1 15 200.00 20.00 
4 1 16 200.00 20.00 
4 1 17 200.00 20.00 
4 1 18 200.00 20.00 
4 2 1 200.00 20.00 
4 2 2 200.00 20.00 
4 2 3 200.00 20.00 
4 2 4 200.00 20.00 
4 2 5 200.00 20.00 
4 2 6 200.00 20.00 
4 2 7 200.00 20.00 
4 2 8 200.00 20.00 
4 2 9 200.00 20.00 
4 2 10 200.00 20.00 
4 2 11 200.00 20.00 
4 2 12 200.00 20.00 
4 2 13 200.00 20.00 
4 2 14 200.00 20.00 
4 2 15 200.00 20.00 
4 2 16 200.00 20.00 
4 2 17 200.00 20.00 
4 2 18 200.00 20.00 
5 1 1 150.27 51.08 
5 1 2 151.79 53.02 
5 1 3 193.37 59.06 
5 1 4 207.90 65.85 
5 1 5 238.84 101.38 
5 1 6 245.59 83.23 
5 1 7 158.89 39.59 
5 1 8 181.66 52.28 
5 1 9 147.31 38.04 
5 1 10 249.18 84.80 
5 1 11 237.28 76.18 
5 1 12 500.00 50.00 
5 1 13 290.80 117.65 
5 1 14 158.96 42.98 
5 1 15 264.52 100.69 
5 1 16 178.04 47.94 
5 1 17 199.01 72.75 
5 1 18 245.40 91.08 
5 2 1 203.11 60.96 
5 2 2 215.77 67.92 
5 2 3 164.95 42.16 
5 2 4 152.932 32.581 
5 2 5 219.07 68.86 
5 2 6 188.91 54.04 
5 2 7 256.90 82.82 
5 2 8 168.310 39.336 
5 2 9 303.06 122.24 
5 2 10 183.40 47.22 
5 2 11 200.00 20.00 
5 2 12 200.00 20.00 
5 2 13 151.00 41.63 
5 2 14 181.29 50.47 
5 2 15 178.12 48.56 
5 2 16 229.76 77.22 
5 2 17 270.10 111.36 
5 2 18 500.00 50.0 
6 1 1 200.00 20.00 
6 1 2 200.00 20.00 
6 1 3 200.00 20.00 
6 1 4 200.00 20.00 
6 1 5 200.00 20.00 
6 1 6 200.00 20.00 
6 1 7 200.00 20.00 
6 1 8 200.00 20.00 
6 1 9 200.00 20.00 
6 1 10 200.00 20.00 
6 1 11 200.00 20.00 
6 1 12 200.00 20.00 
6 1 13 200.00 20.00 
6 1 14 200.00 20.00 
6 1 15 200.00 20.00 
6 1 16 200.00 20.00 
6 1 17 200.00 20.00 
6 1 18 200.00 20.00 
6 2 1 200.00 20.00 
6 2 2 200.00 20.00 
6 2 3 200.00 20.00 
6 2 4 200.00 20.00 
6 2 5 200.00 20.00 
6 2 6 200.00 20.00 
6 2 7 200.00 20.00 
6 2 8 200.00 20.00 
6 2 9 200.00 20.00 
6 2 10 200.00 20.00 
6 2 11 200.00 20.00 
6 2 12 200.00 20.00 
6 2 13 200.00 20.00 
6 2 14 200.00 20.00 
6 2 15 200.00 20.00 
6 2 16 200.00 20.00 
6 2 17 200.00 20.00 
6 2 18 200.00 20.00 
