1 1 1 200.00 20.00
1 1 2 200.00 20.00
1 1 3 200.00 20.00
1 1 4 200.00 20.00
1 1 5 200.00 20.00
1 1 6 200.00 20.00
1 1 7 200.00 20.00
1 1 8 200.00 20.00
1 1 9 200.00 20.00
1 1 10 200.00 20.00
1 1 11 200.00 20.00
1 1 12 200.00 20.00
1 1 13 200.00 20.00
1 1 14 200.00 20.00
1 1 15 200.00 20.00
1 1 16 200.00 20.00
1 1 17 200.00 20.00
1 1 18 200.00 20.00
1 2 1 200.00 20.00
1 2 2 200.00 20.00
1 2 3 200.00 20.00
1 2 4 200.00 20.00
1 2 5 200.00 20.00
1 2 6 200.00 20.00
1 2 7 200.00 20.00
1 2 8 200.00 20.00
1 2 9 200.00 20.00
1 2 10 200.00 20.00
1 2 11 200.00 20.00
1 2 12 200.00 20.00
1 2 13 200.00 20.00
1 2 14 200.00 20.00
1 2 15 200.00 20.00
1 2 16 200.00 20.00
1 2 17 200.00 20.00
1 2 18 200.00 20.00
2 1 1 200.00 20.00
2 1 2 200.00 20.00
2 1 3 200.00 20.00
2 1 4 200.00 20.00
2 1 5 200.00 20.00
2 1 6 200.00 20.00
2 1 7 200.00 20.00
2 1 8 200.00 20.00
2 1 9 200.00 20.00
2 1 10 200.00 20.00
2 1 11 200.00 20.00
2 1 12 200.00 20.00
2 1 13 200.00 20.00
2 1 14 200.00 20.00
2 1 15 200.00 20.00
2 1 16 200.00 20.00
2 1 17 200.00 20.00
2 1 18 200.00 20.00
2 2 1 200.00 20.00
2 2 2 200.00 20.00
2 2 3 200.00 20.00
2 2 4 200.00 20.00
2 2 5 200.00 20.00
2 2 6 200.00 20.00
2 2 7 200.00 20.00
2 2 8 200.00 20.00
2 2 9 200.00 20.00
2 2 10 200.00 20.00
2 2 11 200.00 20.00
2 2 12 200.00 20.00
2 2 13 200.00 20.00
2 2 14 200.00 20.00
2 2 15 200.00 20.00
2 2 16 200.00 20.00
2 2 17 200.00 20.00
2 2 18 200.00 20.00
3 1 1 129.69 31.57
3 1 2 110.08 45.66
3 1 3 138.440 45.419
3 1 4 206.69 110.14
3 1 5 200.00 20.00
3 1 6 135.61 33.99
3 1 7 192.86 45.70 
3 1 8 195.40 59.19
3 1 9 162.20 43.87
3 1 10 131.69 22.41
3 1 11 170.52 44.54 
3 1 12 294.78 111.05
3 1 13 457.23 251.24
3 1 14 227.19 78.72
3 1 15 232.61 79.69
3 1 16 128.74 26.23
3 1 17 139.08 33.58
3 1 18 500.00 50.00
3 2 1 172.592 60.156
3 2 2 183.51 51.96
3 2 3 136.720 33.468
3 2 4 131.857 30.543
3 2 5 500.00 50.00
3 2 6 500.00 50.00
3 2 7 217.50 68.16 
3 2 8 240.28 80.89 
3 2 9 200.84 63.64 
3 2 10 164.73 44.43 
3 2 11 319.30 139.04
3 2 12 158.96 40.98
3 2 13 225.39 96.57
3 2 14 500.00 50.00
3 2 15 185.97 120.11
3 2 16 308.09 132.10
3 2 17 157.27 44.02 
3 2 18 170.69 46.13
4 1 1 200.00 20.00
4 1 2 200.00 20.00
4 1 3 200.00 20.00
4 1 4 200.00 20.00
4 1 5 200.00 20.00
4 1 6 200.00 20.00
4 1 7 200.00 20.00
4 1 8 200.00 20.00
4 1 9 200.00 20.00
4 1 10 200.00 20.00
4 1 11 200.00 20.00
4 1 12 200.00 20.00
4 1 13 200.00 20.00
4 1 14 200.00 20.00
4 1 15 200.00 20.00
4 1 16 200.00 20.00
4 1 17 200.00 20.00
4 1 18 200.00 20.00
4 2 1 200.00 20.00
4 2 2 200.00 20.00
4 2 3 200.00 20.00
4 2 4 200.00 20.00
4 2 5 200.00 20.00
4 2 6 200.00 20.00
4 2 7 200.00 20.00
4 2 8 200.00 20.00
4 2 9 200.00 20.00
4 2 10 200.00 20.00
4 2 11 200.00 20.00
4 2 12 200.00 20.00
4 2 13 200.00 20.00
4 2 14 200.00 20.00
4 2 15 200.00 20.00
4 2 16 200.00 20.00
4 2 17 200.00 20.00
4 2 18 200.00 20.00
5 1 1 145.95 46.84
5 1 2 139.53 41.47
5 1 3 187.47 57.24
5 1 4 199.11 59.38
5 1 5 232.69 91.98
5 1 6 237.43 79.91
5 1 7 163.98 41.37
5 1 8 175.77 46.97
5 1 9 160.71 45.92
5 1 10 248.19 83.40 
5 1 11 230.27 76.15
5 1 12 500.00 50.00
5 1 13 283.04 113.04 
5 1 14 156.06 39.35 
5 1 15 262.30 103.87 
5 1 16 172.83 46.55 
5 1 17 202.71 70.76 
5 1 18 231.76 104.51 
5 2 1 195.70 55.57
5 2 2 211.851 65.2
5 2 3 157.34 37.58
5 2 4 140.38 24.97
5 2 5 209.29 64.70
5 2 6 178.48 47.82
5 2 7 242.36 79.77
5 2 8 163.01 41.60
5 2 9 292.51 118.16
5 2 10 180.30 47.75
5 2 11 233.59 90.31
5 2 12 200.00 20.00
5 2 13 148.97 37.12
5 2 14 175.00 48.20
5 2 15 172.87 45.51
5 2 16 224.95 77.88
5 2 17 263.31 107.45
5 2 18 188.79 129.19
6 1 1 200.00 20.00
6 1 2 200.00 20.00
6 1 3 200.00 20.00
6 1 4 200.00 20.00
6 1 5 200.00 20.00
6 1 6 200.00 20.00
6 1 7 200.00 20.00
6 1 8 200.00 20.00
6 1 9 200.00 20.00
6 1 10 200.00 20.00
6 1 11 200.00 20.00
6 1 12 200.00 20.00
6 1 13 200.00 20.00
6 1 14 200.00 20.00
6 1 15 200.00 20.00
6 1 16 200.00 20.00
6 1 17 200.00 20.00
6 1 18 200.00 20.00
6 2 1 200.00 20.00
6 2 2 200.00 20.00
6 2 3 200.00 20.00
6 2 4 200.00 20.00
6 2 5 200.00 20.00
6 2 6 200.00 20.00
6 2 7 200.00 20.00
6 2 8 200.00 20.00
6 2 9 200.00 20.00
6 2 10 200.00 20.00
6 2 11 200.00 20.00
6 2 12 200.00 20.00
6 2 13 200.00 20.00
6 2 14 200.00 20.00
6 2 15 200.00 20.00
6 2 16 200.00 20.00
6 2 17 200.00 20.00
6 2 18 200.00 20.00
