1 1 1 200.00 20.00
1 1 2 200.00 20.00
1 1 3 200.00 20.00
1 1 4 200.00 20.00
1 1 5 200.00 20.00
1 1 6 200.00 20.00
1 1 7 200.00 20.00
1 1 8 200.00 20.00
1 1 9 200.00 20.00
1 1 10 200.00 20.00
1 1 11 200.00 20.00
1 1 12 200.00 20.00
1 1 13 200.00 20.00
1 1 14 200.00 20.00
1 1 15 200.00 20.00
1 1 16 200.00 20.00
1 1 17 200.00 20.00
1 1 18 200.00 20.00
1 2 1 200.00 20.00
1 2 2 200.00 20.00
1 2 3 200.00 20.00
1 2 4 200.00 20.00
1 2 5 200.00 20.00
1 2 6 200.00 20.00
1 2 7 200.00 20.00
1 2 8 200.00 20.00
1 2 9 200.00 20.00
1 2 10 200.00 20.00
1 2 11 200.00 20.00
1 2 12 200.00 20.00
1 2 13 200.00 20.00
1 2 14 200.00 20.00
1 2 15 200.00 20.00
1 2 16 200.00 20.00
1 2 17 200.00 20.00
1 2 18 200.00 20.00
2 1 1 200.00 20.00
2 1 2 200.00 20.00
2 1 3 200.00 20.00
2 1 4 200.00 20.00
2 1 5 200.00 20.00
2 1 6 200.00 20.00
2 1 7 200.00 20.00
2 1 8 200.00 20.00
2 1 9 200.00 20.00
2 1 10 200.00 20.00
2 1 11 200.00 20.00
2 1 12 200.00 20.00
2 1 13 200.00 20.00
2 1 14 200.00 20.00
2 1 15 200.00 20.00
2 1 16 200.00 20.00
2 1 17 200.00 20.00
2 1 18 200.00 20.00
2 2 1 200.00 20.00
2 2 2 200.00 20.00
2 2 3 200.00 20.00
2 2 4 200.00 20.00
2 2 5 200.00 20.00
2 2 6 200.00 20.00
2 2 7 200.00 20.00
2 2 8 200.00 20.00
2 2 9 200.00 20.00
2 2 10 200.00 20.00
2 2 11 200.00 20.00
2 2 12 200.00 20.00
2 2 13 200.00 20.00
2 2 14 200.00 20.00
2 2 15 200.00 20.00
2 2 16 200.00 20.00
2 2 17 200.00 20.00
2 2 18 200.00 20.00
3 1 1 171.41 70.13
3 1 2 127.245 39.187
3 1 3 103.751 34.978
3 1 4 187.64 130.90
3 1 5 200.00 20.00
3 1 6 145.90 37.31
3 1 7 205.69 55.29
3 1 8 190.20 55.74 
3 1 9 154.84 39.95
3 1 10 131.321 23.919
3 1 11 168.46 44.01 
3 1 12 211.87 61.21
3 1 13 200.00 20.00
3 1 14 146.73 32.96 
3 1 15 197.57 59.29 
3 1 16 134.10 28.11 
3 1 17 143.56 35.83
3 1 18 500.00 50.00
3 2 1 239.48 150.48
3 2 2 149.84 37.23
3 2 3 138.500 38.128
3 2 4 137.329 35.387
3 2 5 197.77 60.83
3 2 6 500.00 50.00
3 2 7 204.00 61.00
3 2 8 199.76 58.73 
3 2 9 210.86 69.04 
3 2 10 163.25 44.31 
3 2 11 223.99 69.15 
3 2 12 155.76 41.25
3 2 13 142.851 38.948
3 2 14 287.77 133.07
3 2 15 181.584 89.974
3 2 16 245.12 86.24 
3 2 17 160.90 47.32 
3 2 18 166.31 44.59
4 1 1 200.00 20.00
4 1 2 200.00 20.00
4 1 3 200.00 20.00
4 1 4 200.00 20.00
4 1 5 200.00 20.00
4 1 6 200.00 20.00
4 1 7 200.00 20.00
4 1 8 200.00 20.00
4 1 9 200.00 20.00
4 1 10 200.00 20.00
4 1 11 200.00 20.00
4 1 12 200.00 20.00
4 1 13 200.00 20.00
4 1 14 200.00 20.00
4 1 15 200.00 20.00
4 1 16 200.00 20.00
4 1 17 200.00 20.00
4 1 18 200.00 20.00
4 2 1 200.00 20.00
4 2 2 200.00 20.00
4 2 3 200.00 20.00
4 2 4 200.00 20.00
4 2 5 200.00 20.00
4 2 6 200.00 20.00
4 2 7 200.00 20.00
4 2 8 200.00 20.00
4 2 9 200.00 20.00
4 2 10 200.00 20.00
4 2 11 200.00 20.00
4 2 12 200.00 20.00
4 2 13 200.00 20.00
4 2 14 200.00 20.00
4 2 15 200.00 20.00
4 2 16 200.00 20.00
4 2 17 200.00 20.00
4 2 18 200.00 20.00
5 1 1 161.42 57.21
5 1 2 147.49 47.39 
5 1 3 180.72 53.82 
5 1 4 191.20 55.01 
5 1 5 307.51 151.10 
5 1 6 221.56 70.28
5 1 7 155.23 35.78 
5 1 8 172.90 45.90 
5 1 9 148.30 36.86 
5 1 10 211.38 63.75 
5 1 11 216.24 67.07
5 1 12 500.00 50.00
5 1 13 236.19 83.23 
5 1 14 155.74 39.43 
5 1 15 229.57 82.28 
5 1 16 170.02 45.12 
5 1 17 195.64 67.68 
5 1 18 192.87 112.77
5 2 1 184.80 50.32 
5 2 2 206.01 63.15 
5 2 3 160.02 39.19 
5 2 4 145.07 28.56 
5 2 5 191.27 54.67 
5 2 6 173.91 44.38
5 2 7 210.91 62.00 
5 2 8 161.50 40.52 
5 2 9 240.03 83.12 
5 2 10 176.06 45.00
5 2 11 200.00 20.00
5 2 12 200.00 20.00
5 2 13 152.67 37.28 
5 2 14 242.30 92.01 
5 2 15 166.77 40.44 
5 2 16 190.20 56.65 
5 2 17 249.30 93.41
5 2 18 500.00 50.00
6 1 1 200.00 20.00
6 1 2 200.00 20.00
6 1 3 200.00 20.00
6 1 4 200.00 20.00
6 1 5 200.00 20.00
6 1 6 200.00 20.00
6 1 7 200.00 20.00
6 1 8 200.00 20.00
6 1 9 200.00 20.00
6 1 10 200.00 20.00
6 1 11 200.00 20.00
6 1 12 200.00 20.00
6 1 13 200.00 20.00
6 1 14 200.00 20.00
6 1 15 200.00 20.00
6 1 16 200.00 20.00
6 1 17 200.00 20.00
6 1 18 200.00 20.00
6 2 1 200.00 20.00
6 2 2 200.00 20.00
6 2 3 200.00 20.00
6 2 4 200.00 20.00
6 2 5 200.00 20.00
6 2 6 200.00 20.00
6 2 7 200.00 20.00
6 2 8 200.00 20.00
6 2 9 200.00 20.00
6 2 10 200.00 20.00
6 2 11 200.00 20.00
6 2 12 200.00 20.00
6 2 13 200.00 20.00
6 2 14 200.00 20.00
6 2 15 200.00 20.00
6 2 16 200.00 20.00
6 2 17 200.00 20.00
6 2 18 200.00 20.00
