1 1 1 200.00 20.00
1 1 2 200.00 20.00
1 1 3 200.00 20.00
1 1 4 200.00 20.00
1 1 5 200.00 20.00
1 1 6 200.00 20.00
1 1 7 200.00 20.00
1 1 8 200.00 20.00
1 1 9 200.00 20.00
1 1 10 200.00 20.00
1 1 11 200.00 20.00
1 1 12 200.00 20.00
1 1 13 200.00 20.00
1 1 14 200.00 20.00
1 1 15 200.00 20.00
1 1 16 200.00 20.00
1 1 17 200.00 20.00
1 1 18 200.00 20.00
1 2 1 200.00 20.00
1 2 2 200.00 20.00
1 2 3 200.00 20.00
1 2 4 200.00 20.00
1 2 5 200.00 20.00
1 2 6 200.00 20.00
1 2 7 200.00 20.00
1 2 8 200.00 20.00
1 2 9 200.00 20.00
1 2 10 200.00 20.00
1 2 11 200.00 20.00
1 2 12 200.00 20.00
1 2 13 200.00 20.00
1 2 14 200.00 20.00
1 2 15 200.00 20.00
1 2 16 200.00 20.00
1 2 17 200.00 20.00
1 2 18 200.00 20.00
2 1 1 200.00 20.00
2 1 2 200.00 20.00
2 1 3 200.00 20.00
2 1 4 200.00 20.00
2 1 5 200.00 20.00
2 1 6 200.00 20.00
2 1 7 200.00 20.00
2 1 8 200.00 20.00
2 1 9 200.00 20.00
2 1 10 200.00 20.00
2 1 11 200.00 20.00
2 1 12 200.00 20.00
2 1 13 200.00 20.00
2 1 14 200.00 20.00
2 1 15 200.00 20.00
2 1 16 200.00 20.00
2 1 17 200.00 20.00
2 1 18 200.00 20.00
2 2 1 200.00 20.00
2 2 2 200.00 20.00
2 2 3 200.00 20.00
2 2 4 200.00 20.00
2 2 5 200.00 20.00
2 2 6 200.00 20.00
2 2 7 200.00 20.00
2 2 8 200.00 20.00
2 2 9 200.00 20.00
2 2 10 200.00 20.00
2 2 11 200.00 20.00
2 2 12 200.00 20.00
2 2 13 200.00 20.00
2 2 14 200.00 20.00
2 2 15 200.00 20.00
2 2 16 200.00 20.00
2 2 17 200.00 20.00
2 2 18 200.00 20.00
3 1 1 165.89 63.88
3 1 2 142.04 44.41
3 1 3 103.00 39.00
3 1 4 200.23 117.67
3 1 5 200.00 20.00
3 1 6 146.92 36.74
3 1 7 208.81 55.97 
3 1 8 189.63 55.65 
3 1 9 154.55 38.87 
3 1 10 154.31 37.13
3 1 11 167.53 43.02 
3 1 12 209.69 60.12
3 1 13 200.00 20.00
3 1 14 147.03 33.15 
3 1 15 194.92 59.17 
3 1 16 133.57 28.47 
3 1 17 144.16 35.35
3 1 18 500.00 50.00
3 2 1 231.78 155.10 
3 2 2 149.23 37.18
3 2 3 144.605 41.784
3 2 4 139.721 33.653
3 2 5 197.83 60.45
3 2 6 500.00 50.00
3 2 7 231.87 90.79 
3 2 8 201.92 59.39 
3 2 9 209.84 68.05 
3 2 10 162.70 42.93 
3 2 11 222.59 68.98
3 2 12 155.03 39.92
3 2 13 152.777 50.937
3 2 14 292.78 138.45
3 2 15 186.80 121.10 
3 2 16 243.94 85.60 
3 2 17 160.91 46.46 
3 2 18 168.60 45.77
4 1 1 200.00 20.00
4 1 2 200.00 20.00
4 1 3 200.00 20.00
4 1 4 200.00 20.00
4 1 5 200.00 20.00
4 1 6 200.00 20.00
4 1 7 200.00 20.00
4 1 8 200.00 20.00
4 1 9 200.00 20.00
4 1 10 200.00 20.00
4 1 11 200.00 20.00
4 1 12 200.00 20.00
4 1 13 200.00 20.00
4 1 14 200.00 20.00
4 1 15 200.00 20.00
4 1 16 200.00 20.00
4 1 17 200.00 20.00
4 1 18 200.00 20.00
4 2 1 200.00 20.00
4 2 2 200.00 20.00
4 2 3 200.00 20.00
4 2 4 200.00 20.00
4 2 5 200.00 20.00
4 2 6 200.00 20.00
4 2 7 200.00 20.00
4 2 8 200.00 20.00
4 2 9 200.00 20.00
4 2 10 200.00 20.00
4 2 11 200.00 20.00
4 2 12 200.00 20.00
4 2 13 200.00 20.00
4 2 14 200.00 20.00
4 2 15 200.00 20.00
4 2 16 200.00 20.00
4 2 17 200.00 20.00
4 2 18 200.00 20.00
5 1 1 171.244 121.471
5 1 2 144.25 45.23 
5 1 3 177.85 54.04 
5 1 4 189.24 54.56 
5 1 5 303.80 147.13 
5 1 6 222.82 71.54 
5 1 7 154.45 35.51 
5 1 8 174.83 45.82 
5 1 9 150.10 36.87 
5 1 10 213.93 63.81 
5 1 11 217.42 66.41
5 1 12 346.44 175.44
5 1 13 234.61 82.38 
5 1 14 155.06 38.09 
5 1 15 234.91 85.10 
5 1 16 169.63 45.30 
5 1 17 195.98 66.50 
5 1 18 230.79 89.52
5 2 1 185.30 50.36 
5 2 2 206.67 63.45 
5 2 3 158.23 38.31 
5 2 4 145.41 29.13 
5 2 5 189.59 53.89 
5 2 6 174.60 44.20
5 2 7 213.07 62.26 
5 2 8 159.67 39.13 
5 2 9 238.62 82.19 
5 2 10 175.63 44.92
5 2 11 200.00 20.00
5 2 12 200.00 20.00
5 2 13 152.81 37.21 
5 2 14 244.33 90.09 
5 2 15 166.15 40.30 
5 2 16 188.19 55.53 
5 2 17 248.76 94.58 
5 2 18 500.00 50.00
6 1 1 200.00 20.00
6 1 2 200.00 20.00
6 1 3 200.00 20.00
6 1 4 200.00 20.00
6 1 5 200.00 20.00
6 1 6 200.00 20.00
6 1 7 200.00 20.00
6 1 8 200.00 20.00
6 1 9 200.00 20.00
6 1 10 200.00 20.00
6 1 11 200.00 20.00
6 1 12 200.00 20.00
6 1 13 200.00 20.00
6 1 14 200.00 20.00
6 1 15 200.00 20.00
6 1 16 200.00 20.00
6 1 17 200.00 20.00
6 1 18 200.00 20.00
6 2 1 200.00 20.00
6 2 2 200.00 20.00
6 2 3 200.00 20.00
6 2 4 200.00 20.00
6 2 5 200.00 20.00
6 2 6 200.00 20.00
6 2 7 200.00 20.00
6 2 8 200.00 20.00
6 2 9 200.00 20.00
6 2 10 200.00 20.00
6 2 11 200.00 20.00
6 2 12 200.00 20.00
6 2 13 200.00 20.00
6 2 14 200.00 20.00
6 2 15 200.00 20.00
6 2 16 200.00 20.00
6 2 17 200.00 20.00
6 2 18 200.00 20.00
