1 1 1 200.00 20.00
1 1 2 200.00 20.00
1 1 3 200.00 20.00
1 1 4 200.00 20.00
1 1 5 200.00 20.00
1 1 6 200.00 20.00
1 1 7 200.00 20.00
1 1 8 200.00 20.00
1 1 9 200.00 20.00
1 1 10 200.00 20.00
1 1 11 200.00 20.00
1 1 12 200.00 20.00
1 1 13 200.00 20.00
1 1 14 200.00 20.00
1 1 15 200.00 20.00
1 1 16 200.00 20.00
1 1 17 200.00 20.00
1 1 18 200.00 20.00
1 2 1 200.00 20.00
1 2 2 200.00 20.00
1 2 3 200.00 20.00
1 2 4 200.00 20.00
1 2 5 200.00 20.00
1 2 6 200.00 20.00
1 2 7 200.00 20.00
1 2 8 200.00 20.00
1 2 9 200.00 20.00
1 2 10 200.00 20.00
1 2 11 200.00 20.00
1 2 12 200.00 20.00
1 2 13 200.00 20.00
1 2 14 200.00 20.00
1 2 15 200.00 20.00
1 2 16 200.00 20.00
1 2 17 200.00 20.00
1 2 18 200.00 20.00
2 1 1 200.00 20.00
2 1 2 200.00 20.00
2 1 3 200.00 20.00
2 1 4 200.00 20.00
2 1 5 200.00 20.00
2 1 6 200.00 20.00
2 1 7 200.00 20.00
2 1 8 200.00 20.00
2 1 9 200.00 20.00
2 1 10 200.00 20.00
2 1 11 200.00 20.00
2 1 12 200.00 20.00
2 1 13 200.00 20.00
2 1 14 200.00 20.00
2 1 15 200.00 20.00
2 1 16 200.00 20.00
2 1 17 200.00 20.00
2 1 18 200.00 20.00
2 2 1 200.00 20.00
2 2 2 200.00 20.00
2 2 3 200.00 20.00
2 2 4 200.00 20.00
2 2 5 200.00 20.00
2 2 6 200.00 20.00
2 2 7 200.00 20.00
2 2 8 200.00 20.00
2 2 9 200.00 20.00
2 2 10 200.00 20.00
2 2 11 200.00 20.00
2 2 12 200.00 20.00
2 2 13 200.00 20.00
2 2 14 200.00 20.00
2 2 15 200.00 20.00
2 2 16 200.00 20.00
2 2 17 200.00 20.00
2 2 18 200.00 20.00
3 1 1 168.27 69.43
3 1 2 141.17 66.56
3 1 3 113.881 44.603
3 1 4 203.98 115.39
3 1 5 200.00 20.00
3 1 6 143.71 36.36
3 1 7 196.215 48.569
3 1 8 187.14 54.25 
3 1 9 154.32 39.18
3 1 10 157.35 39.11
3 1 11 167.06 43.42 
3 1 12 209.67 60.26
3 1 13 238.40 86.35 
3 1 14 144.77 32.27 
3 1 15 195.36 59.05 
3 1 16 135.19 29.37 
3 1 17 144.20 35.31
3 1 18 500.00 50.00
3 2 1 177.174 58.145
3 2 2 148.18 37.29
3 2 3 152.30 53.68
3 2 4 134.710 33.196
3 2 5 197.25 59.92
3 2 6 500.00 50.00
3 2 7 232.83 91.46 
3 2 8 199.44 58.88 
3 2 9 208.05 67.61 
3 2 10 161.76 43.54 
3 2 11 220.40 68.73 
3 2 12 155.27 39.76
3 2 13 180.94 110.85 
3 2 14 187.71 56.38
3 2 15 194.114 92.332
3 2 16 242.26 85.68 
3 2 17 160.10 46.38 
3 2 18 165.35 45.13
4 1 1 200.00 20.00
4 1 2 200.00 20.00
4 1 3 200.00 20.00
4 1 4 200.00 20.00
4 1 5 200.00 20.00
4 1 6 200.00 20.00
4 1 7 200.00 20.00
4 1 8 200.00 20.00
4 1 9 200.00 20.00
4 1 10 200.00 20.00
4 1 11 200.00 20.00
4 1 12 200.00 20.00
4 1 13 200.00 20.00
4 1 14 200.00 20.00
4 1 15 200.00 20.00
4 1 16 200.00 20.00
4 1 17 200.00 20.00
4 1 18 200.00 20.00
4 2 1 200.00 20.00
4 2 2 200.00 20.00
4 2 3 200.00 20.00
4 2 4 200.00 20.00
4 2 5 200.00 20.00
4 2 6 200.00 20.00
4 2 7 200.00 20.00
4 2 8 200.00 20.00
4 2 9 200.00 20.00
4 2 10 200.00 20.00
4 2 11 200.00 20.00
4 2 12 200.00 20.00
4 2 13 200.00 20.00
4 2 14 200.00 20.00
4 2 15 200.00 20.00
4 2 16 200.00 20.00
4 2 17 200.00 20.00
4 2 18 200.00 20.00
5 1 1 165.499 118.951
5 1 2 142.16 43.85 
5 1 3 180.05 52.31 
5 1 4 187.79 54.13 
5 1 5 299.02 142.11 
5 1 6 218.43 69.17 
5 1 7 154.41 34.59 
5 1 8 172.37 45.12 
5 1 9 150.90 37.02 
5 1 10 195.68 55.06 
5 1 11 214.28 64.19
5 1 12 500.00 50.00
5 1 13 231.88 80.13 
5 1 14 154.87 38.02 
5 1 15 230.55 83.18 
5 1 16 168.98 45.05 
5 1 17 195.34 66.24 
5 1 18 230.67 87.35
5 2 1 182.60 49.09 
5 2 2 202.08 60.96 
5 2 3 158.71 38.15 
5 2 4 144.48 28.28 
5 2 5 189.51 53.50 
5 2 6 173.43 43.89
5 2 7 212.00 62.40 
5 2 8 155.53 37.75 
5 2 9 237.10 81.39 
5 2 10 176.27 45.10
5 2 11 200.00 20.00
5 2 12 200.00 20.00
5 2 13 151.37 36.49 
5 2 14 240.05 87.69 
5 2 15 165.13 40.18 
5 2 16 187.92 55.74
5 2 17 246.36 94.40
5 2 18 186.950 76.172
6 1 1 200.00 20.00
6 1 2 200.00 20.00
6 1 3 200.00 20.00
6 1 4 200.00 20.00
6 1 5 200.00 20.00
6 1 6 200.00 20.00
6 1 7 200.00 20.00
6 1 8 200.00 20.00
6 1 9 200.00 20.00
6 1 10 200.00 20.00
6 1 11 200.00 20.00
6 1 12 200.00 20.00
6 1 13 200.00 20.00
6 1 14 200.00 20.00
6 1 15 200.00 20.00
6 1 16 200.00 20.00
6 1 17 200.00 20.00
6 1 18 200.00 20.00
6 2 1 200.00 20.00
6 2 2 200.00 20.00
6 2 3 200.00 20.00
6 2 4 200.00 20.00
6 2 5 200.00 20.00
6 2 6 200.00 20.00
6 2 7 200.00 20.00
6 2 8 200.00 20.00
6 2 9 200.00 20.00
6 2 10 200.00 20.00
6 2 11 200.00 20.00
6 2 12 200.00 20.00
6 2 13 200.00 20.00
6 2 14 200.00 20.00
6 2 15 200.00 20.00
6 2 16 200.00 20.00
6 2 17 200.00 20.00
6 2 18 200.00 20.00
