1 1 1 200.00 20.00 
1 1 2 200.00 20.00 
1 1 3 200.00 20.00 
1 1 4 200.00 20.00 
1 1 5 200.00 20.00 
1 1 6 200.00 20.00 
1 1 7 200.00 20.00 
1 1 8 200.00 20.00 
1 1 9 200.00 20.00 
1 1 10 200.00 20.00 
1 1 11 200.00 20.00 
1 1 12 200.00 20.00 
1 1 13 200.00 20.00 
1 1 14 200.00 20.00 
1 1 15 200.00 20.00 
1 1 16 200.00 20.00 
1 1 17 200.00 20.00 
1 1 18 200.00 20.00 
1 2 1 200.00 20.00 
1 2 2 200.00 20.00 
1 2 3 200.00 20.00 
1 2 4 200.00 20.00 
1 2 5 200.00 20.00 
1 2 6 200.00 20.00 
1 2 7 200.00 20.00 
1 2 8 200.00 20.00 
1 2 9 200.00 20.00 
1 2 10 200.00 20.00 
1 2 11 200.00 20.00 
1 2 12 200.00 20.00 
1 2 13 200.00 20.00 
1 2 14 200.00 20.00 
1 2 15 200.00 20.00 
1 2 16 200.00 20.00 
1 2 17 200.00 20.00 
1 2 18 200.00 20.00 
2 1 1 200.00 20.00 
2 1 2 200.00 20.00 
2 1 3 200.00 20.00 
2 1 4 200.00 20.00 
2 1 5 200.00 20.00 
2 1 6 200.00 20.00 
2 1 7 200.00 20.00 
2 1 8 200.00 20.00 
2 1 9 200.00 20.00 
2 1 10 200.00 20.00 
2 1 11 200.00 20.00 
2 1 12 200.00 20.00 
2 1 13 200.00 20.00 
2 1 14 200.00 20.00 
2 1 15 200.00 20.00 
2 1 16 200.00 20.00 
2 1 17 200.00 20.00 
2 1 18 200.00 20.00 
2 2 1 200.00 20.00 
2 2 2 200.00 20.00 
2 2 3 200.00 20.00 
2 2 4 200.00 20.00 
2 2 5 200.00 20.00 
2 2 6 200.00 20.00 
2 2 7 200.00 20.00 
2 2 8 200.00 20.00 
2 2 9 200.00 20.00 
2 2 10 200.00 20.00 
2 2 11 200.00 20.00 
2 2 12 200.00 20.00 
2 2 13 200.00 20.00 
2 2 14 200.00 20.00 
2 2 15 200.00 20.00 
2 2 16 200.00 20.00 
2 2 17 200.00 20.00 
2 2 18 200.00 20.00 
3 1 1 184.884 68.872 
3 1 2 148.68 49.14 
3 1 3 102.448 34.711 
3 1 4 201.670 120.011 
3 1 5 200.00 20.00 
3 1 6 135.70 29.18 
3 1 7 210.85 57.76 
3 1 8 189.46 54.35 
3 1 9 158.29 41.20 
3 1 10 143.47 33.79 
3 1 11 167.72 43.06 
3 1 12 181.24 45.81 
3 1 13 238.43 84.54 
3 1 14 151.56 34.49 
3 1 15 193.54 55.62 
3 1 16 137.35 28.82 
3 1 17 152.24 38.45 
3 1 18 132.730 22.664 
3 2 1 138.504 38.581 
3 2 2 155.26 39.53 
3 2 3 137.71 35.52 
3 2 4 144.496 38.064 
3 2 5 177.59 49.34 
3 2 6 256.56 91.75 
3 2 7 229.27 88.15 
3 2 8 180.50 48.58 
3 2 9 188.43 55.84 
3 2 10 162.60 44.26 
3 2 11 186.16 48.89 
3 2 12 159.27 41.97 
3 2 13 138.618 40.401 
3 2 14 140.944 33.317 
3 2 15 164.374 61.644 
3 2 16 183.22 52.27 
3 2 17 160.31 46.61 
3 2 18 162.73 45.64 
4 1 1 200.00 20.00 
4 1 2 200.00 20.00 
4 1 3 200.00 20.00 
4 1 4 200.00 20.00 
4 1 5 200.00 20.00 
4 1 6 200.00 20.00 
4 1 7 200.00 20.00 
4 1 8 200.00 20.00 
4 1 9 200.00 20.00 
4 1 10 200.00 20.00 
4 1 11 200.00 20.00 
4 1 12 200.00 20.00 
4 1 13 200.00 20.00 
4 1 14 200.00 20.00 
4 1 15 200.00 20.00 
4 1 16 200.00 20.00 
4 1 17 200.00 20.00 
4 1 18 200.00 20.00 
4 2 1 200.00 20.00 
4 2 2 200.00 20.00 
4 2 3 200.00 20.00 
4 2 4 200.00 20.00 
4 2 5 200.00 20.00 
4 2 6 200.00 20.00 
4 2 7 200.00 20.00 
4 2 8 200.00 20.00 
4 2 9 200.00 20.00 
4 2 10 200.00 20.00 
4 2 11 200.00 20.00 
4 2 12 200.00 20.00 
4 2 13 200.00 20.00 
4 2 14 200.00 20.00 
4 2 15 200.00 20.00 
4 2 16 200.00 20.00 
4 2 17 200.00 20.00 
4 2 18 200.00 20.00 
5 1 1 168.03 61.96 
5 1 2 151.91 50.32 
5 1 3 174.06 50.95 
5 1 4 178.26 48.65 
5 1 5 164.59 46.53 
5 1 6 194.85 55.60 
5 1 7 159.49 37.21 
5 1 8 169.20 42.41 
5 1 9 153.71 38.18 
5 1 10 170.27 42.17 
5 1 11 182.41 45.71 
5 1 12 190.57 55.43 
5 1 13 213.31 68.90 
5 1 14 158.60 40.29 
5 1 15 217.59 73.06 
5 1 16 168.90 43.38 
5 1 17 196.07 66.16 
5 1 18 210.39 77.63 
5 2 1 173.07 44.12 
5 2 2 199.44 59.37 
5 2 3 161.47 39.76 
5 2 4 149.45 29.92 
5 2 5 190.60 54.23 
5 2 6 168.77 41.66 
5 2 7 199.58 54.82 
5 2 8 162.96 40.92 
5 2 9 215.02 68.66 
5 2 10 173.21 43.60 
5 2 11 200.00 20.00 
5 2 12 200.00 20.00 
5 2 13 156.20 37.94 
5 2 14 223.07 79.29 
5 2 15 164.80 39.96 
5 2 16 189.12 56.30 
5 2 17 225.76 78.45 
5 2 18 292.39 216.11 
6 1 1 200.00 20.00 
6 1 2 200.00 20.00 
6 1 3 200.00 20.00 
6 1 4 200.00 20.00 
6 1 5 200.00 20.00 
6 1 6 200.00 20.00 
6 1 7 200.00 20.00 
6 1 8 200.00 20.00 
6 1 9 200.00 20.00 
6 1 10 200.00 20.00 
6 1 11 200.00 20.00 
6 1 12 200.00 20.00 
6 1 13 200.00 20.00 
6 1 14 200.00 20.00 
6 1 15 200.00 20.00 
6 1 16 200.00 20.00 
6 1 17 200.00 20.00 
6 1 18 200.00 20.00 
6 2 1 200.00 20.00 
6 2 2 200.00 20.00 
6 2 3 200.00 20.00 
6 2 4 200.00 20.00 
6 2 5 200.00 20.00 
6 2 6 200.00 20.00 
6 2 7 200.00 20.00 
6 2 8 200.00 20.00 
6 2 9 200.00 20.00 
6 2 10 200.00 20.00 
6 2 11 200.00 20.00 
6 2 12 200.00 20.00 
6 2 13 200.00 20.00 
6 2 14 200.00 20.00 
6 2 15 200.00 20.00 
6 2 16 200.00 20.00 
6 2 17 200.00 20.00 
6 2 18 200.00 20.00 
