1 1 1 200.00 20.00 
1 1 2 200.00 20.00 
1 1 3 200.00 20.00 
1 1 4 200.00 20.00 
1 1 5 200.00 20.00 
1 1 6 200.00 20.00 
1 1 7 200.00 20.00 
1 1 8 200.00 20.00 
1 1 9 200.00 20.00 
1 1 10 200.00 20.00 
1 1 11 200.00 20.00 
1 1 12 200.00 20.00 
1 1 13 200.00 20.00 
1 1 14 200.00 20.00 
1 1 15 200.00 20.00 
1 1 16 200.00 20.00 
1 1 17 200.00 20.00 
1 1 18 200.00 20.00 
1 2 1 200.00 20.00 
1 2 2 200.00 20.00 
1 2 3 200.00 20.00 
1 2 4 200.00 20.00 
1 2 5 200.00 20.00 
1 2 6 200.00 20.00 
1 2 7 200.00 20.00 
1 2 8 200.00 20.00 
1 2 9 200.00 20.00 
1 2 10 200.00 20.00 
1 2 11 200.00 20.00 
1 2 12 200.00 20.00 
1 2 13 200.00 20.00 
1 2 14 200.00 20.00 
1 2 15 200.00 20.00 
1 2 16 200.00 20.00 
1 2 17 200.00 20.00 
1 2 18 200.00 20.00 
2 1 1 200.00 20.00 
2 1 2 200.00 20.00 
2 1 3 200.00 20.00 
2 1 4 200.00 20.00 
2 1 5 200.00 20.00 
2 1 6 200.00 20.00 
2 1 7 200.00 20.00 
2 1 8 200.00 20.00 
2 1 9 449.96 121.93 
2 1 10 200.00 20.00 
2 1 11 200.00 20.00 
2 1 12 200.00 20.00 
2 1 13 200.00 20.00 
2 1 14 200.00 20.00 
2 1 15 200.00 20.00 
2 1 16 200.00 20.00 
2 1 17 200.00 20.00 
2 1 18 200.00 20.00 
2 2 1 200.00 20.00 
2 2 2 200.00 20.00 
2 2 3 200.00 20.00 
2 2 4 200.00 20.00 
2 2 5 200.00 20.00 
2 2 6 200.00 20.00 
2 2 7 200.00 20.00 
2 2 8 200.00 20.00 
2 2 9 200.00 20.00 
2 2 10 200.00 20.00 
2 2 11 200.00 20.00 
2 2 12 200.00 20.00 
2 2 13 200.00 20.00 
2 2 14 200.00 20.00 
2 2 15 200.00 20.00 
2 2 16 200.00 20.00 
2 2 17 200.00 20.00 
2 2 18 200.00 20.00 
3 1 1 186.281 76.505 
3 1 2 147.85 48.07 
3 1 3 96.626 29.910 
3 1 4 193.815 135.262 
3 1 5 200.00 20.00 
3 1 6 135.09 29.52 
3 1 7 194.856 44.791 
3 1 8 191.10 55.22 
3 1 9 160.37 42.57 
3 1 10 145.102 29.875 
3 1 11 168.61 43.65 
3 1 12 183.79 48.16 
3 1 13 243.04 88.95 
3 1 14 153.26 36.56 
3 1 15 196.68 58.12 
3 1 16 140.18 30.38 
3 1 17 154.29 39.78 
3 1 18 134.352 27.076 
3 2 1 140.472 40.402 
3 2 2 154.43 38.90 
3 2 3 138.05 35.69 
3 2 4 138.893 35.165 
3 2 5 177.76 49.13 
3 2 6 253.36 90.90 
3 2 7 225.71 89.35 
3 2 8 181.54 48.30 
3 2 9 187.54 56.85 
3 2 10 162.95 44.24 
3 2 11 185.16 50.04 
3 2 12 159.31 42.73 
3 2 13 133.76 35.429 
3 2 14 140.330 33.019 
3 2 15 191.01 140.82 
3 2 16 184.59 50.43 
3 2 17 161.29 46.09 
3 2 18 165.12 45.40 
4 1 1 200.00 20.00 
4 1 2 200.00 20.00 
4 1 3 200.00 20.00 
4 1 4 200.00 20.00 
4 1 5 200.00 20.00 
4 1 6 200.00 20.00 
4 1 7 200.00 20.00 
4 1 8 200.00 20.00 
4 1 9 200.00 20.00 
4 1 10 200.00 20.00 
4 1 11 200.00 20.00 
4 1 12 200.00 20.00 
4 1 13 200.00 20.00 
4 1 14 200.00 20.00 
4 1 15 200.00 20.00 
4 1 16 200.00 20.00 
4 1 17 200.00 20.00 
4 1 18 200.00 20.00 
4 2 1 200.00 20.00 
4 2 2 200.00 20.00 
4 2 3 200.00 20.00 
4 2 4 200.00 20.00 
4 2 5 200.00 20.00 
4 2 6 200.00 20.00 
4 2 7 200.00 20.00 
4 2 8 200.00 20.00 
4 2 9 200.00 20.00 
4 2 10 200.00 20.00 
4 2 11 200.00 20.00 
4 2 12 200.00 20.00 
4 2 13 200.00 20.00 
4 2 14 200.00 20.00 
4 2 15 200.00 20.00 
4 2 16 200.00 20.00 
4 2 17 200.00 20.00 
4 2 18 200.00 20.00 
5 1 1 168.24 58.97 
5 1 2 153.88 51.37 
5 1 3 175.01 49.31 
5 1 4 176.94 48.02 
5 1 5 163.33 46.52 
5 1 6 192.65 54.48 
5 1 7 158.74 36.91 
5 1 8 168.43 43.15 
5 1 9 158.57 39.58 
5 1 10 170.75 42.47 
5 1 11 183.49 45.55 
5 1 12 189.72 56.39 
5 1 13 211.44 67.41 
5 1 14 158.60 39.16 
5 1 15 219.88 72.52 
5 1 16 166.69 43.02 
5 1 17 195.34 66.13 
5 1 18 212.53 75.61 
5 2 1 173.10 43.68 
5 2 2 198.23 58.04 
5 2 3 161.45 40.02 
5 2 4 150.40 29.83 
5 2 5 189.99 53.13 
5 2 6 168.55 41.97 
5 2 7 204.06 56.68 
5 2 8 164.45 41.36 
5 2 9 215.01 67.59 
5 2 10 173.10 43.76 
5 2 11 200.00 20.00 
5 2 12 200.00 20.00 
5 2 13 157.38 38.67 
5 2 14 226.84 77.51 
5 2 15 165.17 40.59 
5 2 16 189.97 55.42 
5 2 17 226.00 76.15 
5 2 18 500.00 500.00 
6 1 1 200.00 20.00 
6 1 2 200.00 20.00 
6 1 3 200.00 20.00 
6 1 4 200.00 20.00 
6 1 5 200.00 20.00 
6 1 6 200.00 20.00 
6 1 7 200.00 20.00 
6 1 8 200.00 20.00 
6 1 9 200.00 20.00 
6 1 10 200.00 20.00 
6 1 11 200.00 20.00 
6 1 12 200.00 20.00 
6 1 13 200.00 20.00 
6 1 14 200.00 20.00 
6 1 15 200.00 20.00 
6 1 16 200.00 20.00 
6 1 17 200.00 20.00 
6 1 18 200.00 20.00 
6 2 1 200.00 20.00 
6 2 2 200.00 20.00 
6 2 3 200.00 20.00 
6 2 4 200.00 20.00 
6 2 5 200.00 20.00 
6 2 6 200.00 20.00 
6 2 7 200.00 20.00 
6 2 8 200.00 20.00 
6 2 9 200.00 20.00 
6 2 10 200.00 20.00 
6 2 11 200.00 20.00 
6 2 12 200.00 20.00 
6 2 13 200.00 20.00 
6 2 14 200.00 20.00 
6 2 15 200.00 20.00 
6 2 16 200.00 20.00 
6 2 17 200.00 20.00 
6 2 18 200.00 20.00 
