1 1 1 200.00 20.00 
1 1 2 200.00 20.00 
1 1 3 200.00 20.00 
1 1 4 200.00 20.00 
1 1 5 200.00 20.00 
1 1 6 200.00 20.00 
1 1 7 200.00 20.00 
1 1 8 200.00 20.00 
1 1 9 200.00 20.00 
1 1 10 200.00 20.00 
1 1 11 200.00 20.00 
1 1 12 200.00 20.00 
1 1 13 200.00 20.00 
1 1 14 200.00 20.00 
1 1 15 200.00 20.00 
1 1 16 200.00 20.00 
1 1 17 200.00 20.00 
1 1 18 200.00 20.00 
1 2 1 200.00 20.00 
1 2 2 200.00 20.00 
1 2 3 200.00 20.00 
1 2 4 200.00 20.00 
1 2 5 200.00 20.00 
1 2 6 200.00 20.00 
1 2 7 200.00 20.00 
1 2 8 200.00 20.00 
1 2 9 200.00 20.00 
1 2 10 200.00 20.00 
1 2 11 200.00 20.00 
1 2 12 200.00 20.00 
1 2 13 200.00 20.00 
1 2 14 200.00 20.00 
1 2 15 200.00 20.00 
1 2 16 200.00 20.00 
1 2 17 200.00 20.00 
1 2 18 200.00 20.00 
2 1 1 200.00 20.00 
2 1 2 200.00 20.00 
2 1 3 200.00 20.00 
2 1 4 200.00 20.00 
2 1 5 200.00 20.00 
2 1 6 200.00 20.00 
2 1 7 200.00 20.00 
2 1 8 200.00 20.00 
2 1 9 452.22 92.04 
2 1 10 200.00 20.00 
2 1 11 200.00 20.00 
2 1 12 200.00 20.00 
2 1 13 200.00 20.00 
2 1 14 200.00 20.00 
2 1 15 200.00 20.00 
2 1 16 200.00 20.00 
2 1 17 200.00 20.00 
2 1 18 200.00 20.00 
2 2 1 200.00 20.00 
2 2 2 200.00 20.00 
2 2 3 200.00 20.00 
2 2 4 200.00 20.00 
2 2 5 200.00 20.00 
2 2 6 200.00 20.00 
2 2 7 200.00 20.00 
2 2 8 200.00 20.00 
2 2 9 200.00 20.00 
2 2 10 200.00 20.00 
2 2 11 200.00 20.00 
2 2 12 200.00 20.00 
2 2 13 200.00 20.00 
2 2 14 200.00 20.00 
2 2 15 200.00 20.00 
2 2 16 200.00 20.00 
2 2 17 200.00 20.00 
2 2 18 200.00 20.00 
3 1 1 159.72 50.21 
3 1 2 142.868 44.282 
3 1 3 108.146 33.094 
3 1 4 214.503 84.94 
3 1 5 200.00 20.00 
3 1 6 146.511 33.198 
3 1 7 215.13 56.90 
3 1 8 199.80 63.01 
3 1 9 172.91 51.79 
3 1 10 152.207 35.074 
3 1 11 174.81 49.38 
3 1 12 192.70 50.90 
3 1 13 244.52 84.67 
3 1 14 154.65 39.42 
3 1 15 203.26 61.64 
3 1 16 146.47 35.90 
3 1 17 156.93 44.02 
3 1 18 133.691 24.534 
3 2 1 150.829 41.570 
3 2 2 164.75 45.28 
3 2 3 148.882 37.431 
3 2 4 148.826 37.251 
3 2 5 184.04 52.50 
3 2 6 268.21 92.92 
3 2 7 214.790 62.843 
3 2 8 190.49 53.74 
3 2 9 196.03 61.80 
3 2 10 171.63 49.57 
3 2 11 195.25 52.64 
3 2 12 164.20 44.15 
3 2 13 127.742 28.882 
3 2 14 166.12 91.67 
3 2 15 500.0 50.0 
3 2 16 190.07 52.03 
3 2 17 168.29 50.46 
3 2 18 174.05 47.53 
4 1 1 200.00 20.00 
4 1 2 200.00 20.00 
4 1 3 200.00 20.00 
4 1 4 200.00 20.00 
4 1 5 200.00 20.00 
4 1 6 200.00 20.00 
4 1 7 200.00 20.00 
4 1 8 200.00 20.00 
4 1 9 200.00 20.00 
4 1 10 200.00 20.00 
4 1 11 200.00 20.00 
4 1 12 200.00 20.00 
4 1 13 200.00 20.00 
4 1 14 200.00 20.00 
4 1 15 200.00 20.00 
4 1 16 200.00 20.00 
4 1 17 200.00 20.00 
4 1 18 200.00 20.00 
4 2 1 200.00 20.00 
4 2 2 200.00 20.00 
4 2 3 200.00 20.00 
4 2 4 200.00 20.00 
4 2 5 200.00 20.00 
4 2 6 200.00 20.00 
4 2 7 200.00 20.00 
4 2 8 200.00 20.00 
4 2 9 200.00 20.00 
4 2 10 200.00 20.00 
4 2 11 200.00 20.00 
4 2 12 200.00 20.00 
4 2 13 200.00 20.00 
4 2 14 200.00 20.00 
4 2 15 200.00 20.00 
4 2 16 200.00 20.00 
4 2 17 200.00 20.00 
4 2 18 200.00 20.00 
5 1 1 169.47 65.39 
5 1 2 161.00 59.97 
5 1 3 182.55 53.75 
5 1 4 183.39 51.79 
5 1 5 169.96 50.66 
5 1 6 197.29 58.98 
5 1 7 167.41 43.47 
5 1 8 171.082 39.170 
5 1 9 167.72 46.42 
5 1 10 177.25 47.33 
5 1 11 189.01 50.07 
5 1 12 196.64 59.45 
5 1 13 217.95 69.11 
5 1 14 165.23 43.31 
5 1 15 222.41 71.89 
5 1 16 168.50 45.68 
5 1 17 197.83 69.95 
5 1 18 226.288 135.475 
5 2 1 180.87 49.31 
5 2 2 204.37 61.68 
5 2 3 167.10 44.89 
5 2 4 162.61 37.47 
5 2 5 196.17 55.66 
5 2 6 176.82 47.31 
5 2 7 213.90 62.86 
5 2 8 157.136 33.517 
5 2 9 225.06 71.23 
5 2 10 181.53 48.64 
5 2 11 200.00 20.00 
5 2 12 200.00 20.00 
5 2 13 156.72 41.36 
5 2 14 226.41 78.63 
5 2 15 168.25 40.96 
5 2 16 187.28 56.20 
5 2 17 237.67 80.01 
5 2 18 500.0 50.0 
6 1 1 200.00 20.00 
6 1 2 200.00 20.00 
6 1 3 200.00 20.00 
6 1 4 200.00 20.00 
6 1 5 200.00 20.00 
6 1 6 200.00 20.00 
6 1 7 200.00 20.00 
6 1 8 200.00 20.00 
6 1 9 200.00 20.00 
6 1 10 200.00 20.00 
6 1 11 200.00 20.00 
6 1 12 200.00 20.00 
6 1 13 200.00 20.00 
6 1 14 200.00 20.00 
6 1 15 200.00 20.00 
6 1 16 200.00 20.00 
6 1 17 200.00 20.00 
6 1 18 200.00 20.00 
6 2 1 200.00 20.00 
6 2 2 200.00 20.00 
6 2 3 200.00 20.00 
6 2 4 200.00 20.00 
6 2 5 200.00 20.00 
6 2 6 200.00 20.00 
6 2 7 200.00 20.00 
6 2 8 200.00 20.00 
6 2 9 200.00 20.00 
6 2 10 200.00 20.00 
6 2 11 200.00 20.00 
6 2 12 200.00 20.00 
6 2 13 200.00 20.00 
6 2 14 200.00 20.00 
6 2 15 200.00 20.00 
6 2 16 200.00 20.00 
6 2 17 200.00 20.00 
6 2 18 200.00 20.00 
