1 1 1 200.00 20.00 
1 1 2 200.00 20.00 
1 1 3 200.00 20.00 
1 1 4 200.00 20.00 
1 1 5 200.00 20.00 
1 1 6 200.00 20.00 
1 1 7 200.00 20.00 
1 1 8 200.00 20.00 
1 1 9 200.00 20.00 
1 1 10 200.00 20.00 
1 1 11 200.00 20.00 
1 1 12 200.00 20.00 
1 1 13 200.00 20.00 
1 1 14 200.00 20.00 
1 1 15 200.00 20.00 
1 1 16 200.00 20.00 
1 1 17 200.00 20.00 
1 1 18 200.00 20.00 
1 2 1 200.00 20.00 
1 2 2 200.00 20.00 
1 2 3 200.00 20.00 
1 2 4 200.00 20.00 
1 2 5 200.00 20.00 
1 2 6 200.00 20.00 
1 2 7 200.00 20.00 
1 2 8 200.00 20.00 
1 2 9 200.00 20.00 
1 2 10 200.00 20.00 
1 2 11 200.00 20.00 
1 2 12 200.00 20.00 
1 2 13 200.00 20.00 
1 2 14 200.00 20.00 
1 2 15 200.00 20.00 
1 2 16 200.00 20.00 
1 2 17 200.00 20.00 
1 2 18 200.00 20.00 
2 1 1 194.40 123.37 
2 1 2 130.251 422.306 
2 1 3 408.18 324.11 
2 1 4 401.37 355.40 
2 1 5 306.28 141.15 
2 1 6 500.00 50.0 
2 1 7 235.34 145.47 
2 1 8 152.29 48.72 
2 1 9 165.87 55.03 
2 1 10 234.86 75.22 
2 1 11 285.03 123.08 
2 1 12 226.90 70.26 
2 1 13 150.977 51.436 
2 1 14 150.709 44.283 
2 1 15 139.159 32.994 
2 1 16 223.07 70.12 
2 1 17 149.29 39.66 
2 1 18 139.92 38.02 
2 2 1 160.01 38.22 
2 2 2 214.52 133.10 
2 2 3 176.594 89.626 
2 2 4 225.97 77.37 
2 2 5 183.46 32.21 
2 2 6 258.64 89.54 
2 2 7 230.63 84.68 
2 2 8 139.849 30.042 
2 2 9 156.40 42.96 
2 2 10 316.01 149.75 
2 2 11 143.213 32.298 
2 2 12 186.32 52.26 
2 2 13 154.687 42.763 
2 2 14 276.65 114.00 
2 2 15 144.132 28.725 
2 2 16 209.65 68.56 
2 2 17 426.71 200.95 
2 2 18 137.573 31.149 
3 1 1 160.43 46.89 
3 1 2 149.77 50.97 
3 1 3 116.957 46.661 
3 1 4 225.977 113.415 
3 1 5 200.00 20.00 
3 1 6 153.928 39.984 
3 1 7 199.22 48.07 
3 1 8 197.43 60.64 
3 1 9 165.18 46.51 
3 1 10 152.063 35.942 
3 1 11 174.22 47.75 
3 1 12 190.50 53.32 
3 1 13 246.09 89.23 
3 1 14 162.57 48.87 
3 1 15 206.67 68.21 
3 1 16 158.07 49.42 
3 1 17 155.53 44.06 
3 1 18 143.68 37.88 
3 2 1 145.212 38.878 
3 2 2 159.97 41.25 
3 2 3 139.23 35.94 
3 2 4 146.157 37.592 
3 2 5 188.86 56.38 
3 2 6 269.66 97.71 
3 2 7 241.89 85.64 
3 2 8 181.99 50.60 
3 2 9 192.91 59.29 
3 2 10 165.54 45.10 
3 2 11 192.81 53.85 
3 2 12 164.40 44.58 
3 2 13 135.808 35.307 
3 2 14 158.419 41.667 
3 2 15 192.48 162.91 
3 2 16 198.41 62.97 
3 2 17 170.69 51.41 
3 2 18 169.43 45.40 
4 1 1 200.00 20.00 
4 1 2 200.00 20.00 
4 1 3 200.00 20.00 
4 1 4 200.00 20.00 
4 1 5 200.00 20.00 
4 1 6 200.00 20.00 
4 1 7 200.00 20.00 
4 1 8 200.00 20.00 
4 1 9 200.00 20.00 
4 1 10 200.00 20.00 
4 1 11 200.00 20.00 
4 1 12 200.00 20.00 
4 1 13 200.00 20.00 
4 1 14 200.00 20.00 
4 1 15 200.00 20.00 
4 1 16 200.00 20.00 
4 1 17 200.00 20.00 
4 1 18 200.00 20.00 
4 2 1 200.00 20.00 
4 2 2 200.00 20.00 
4 2 3 200.00 20.00 
4 2 4 200.00 20.00 
4 2 5 200.00 20.00 
4 2 6 200.00 20.00 
4 2 7 200.00 20.00 
4 2 8 200.00 20.00 
4 2 9 200.00 20.00 
4 2 10 200.00 20.00 
4 2 11 200.00 20.00 
4 2 12 200.00 20.00 
4 2 13 200.00 20.00 
4 2 14 200.00 20.00 
4 2 15 200.00 20.00 
4 2 16 200.00 20.00 
4 2 17 200.00 20.00 
4 2 18 200.00 20.00 
5 1 1 171.84 60.60 
5 1 2 156.76 53.91 
5 1 3 182.32 51.40 
5 1 4 188.78 53.08 
5 1 5 176.07 53.66 
5 1 6 202.82 62.40 
5 1 7 169.75 44.13 
5 1 8 178.05 49.55 
5 1 9 162.57 43.23 
5 1 10 177.66 47.15 
5 1 11 500.00 50.00 
5 1 12 202.56 63.71 
5 1 13 223.67 76.63 
5 1 14 173.20 54.66 
5 1 15 232.83 81.45 
5 1 16 179.66 52.48 
5 1 17 203.63 73.56 
5 1 18 500.00 50.00 
5 2 1 166.88 41.71 
5 2 2 194.40 56.66 
5 2 3 161.69 39.30 
5 2 4 154.10 31.55 
5 2 5 193.86 55.63 
5 2 6 171.71 45.91 
5 2 7 202.96 56.86 
5 2 8 175.19 47.34 
5 2 9 214.15 65.60 
5 2 10 174.67 43.33 
5 2 11 200.00 20.00 
5 2 12 200.00 20.00 
5 2 13 155.83 42.66 
5 2 14 241.46 83.90 
5 2 15 168.51 43.91 
5 2 16 200.26 63.54 
5 2 17 221.32 76.32 
5 2 18 310.93 209.32 
6 1 1 138.95 39.84 
6 1 2 213.63 90.04 
6 1 3 265.697 115.311 
6 1 4 169.64 54.00 
6 1 5 164.62 41.65 
6 1 6 165.83 45.80 
6 1 7 156.480 41.726 
6 1 8 255.57 108.40 
6 1 9 153.183 43.813 
6 1 10 212.80 71.34 
6 1 11 171.43 49.32 
6 1 12 152.74 37.03 
6 1 13 185.25 59.03 
6 1 14 229.69 74.40 
6 1 15 189.15 56.70 
6 1 16 154.11 41.28 
6 1 17 151.11 29.52 
6 1 18 124.98 23.66 
6 2 1 158.08 38.48 
6 2 2 152.42 38.80 
6 2 3 207.28 72.55 
6 2 4 226.27 75.39 
6 2 5 163.54 45.07 
6 2 6 159.34 43.08 
6 2 7 155.445 36.549 
6 2 8 215.30 56.36 
6 2 9 142.40 34.42 
6 2 10 213.12 95.78 
6 2 11 397.79 220.50 
6 2 12 187.34 48.37 
6 2 13 151.39 46.33 
6 2 14 199.44 58.23 
6 2 15 351.76 176.98 
6 2 16 135.244 29.837 
6 2 17 157.43 40.22 
6 2 18 212.61 78.90 
