1 1 1 200.00 20.00 
1 1 2 200.00 20.00 
1 1 3 200.00 20.00 
1 1 4 200.00 20.00 
1 1 5 200.00 20.00 
1 1 6 200.00 20.00 
1 1 7 200.00 20.00 
1 1 8 200.00 20.00 
1 1 9 200.00 20.00 
1 1 10 200.00 20.00 
1 1 11 200.00 20.00 
1 1 12 200.00 20.00 
1 1 13 200.00 20.00 
1 1 14 200.00 20.00 
1 1 15 200.00 20.00 
1 1 16 200.00 20.00 
1 1 17 200.00 20.00 
1 1 18 200.00 20.00 
1 2 1 200.00 20.00 
1 2 2 200.00 20.00 
1 2 3 200.00 20.00 
1 2 4 200.00 20.00 
1 2 5 200.00 20.00 
1 2 6 200.00 20.00 
1 2 7 200.00 20.00 
1 2 8 200.00 20.00 
1 2 9 200.00 20.00 
1 2 10 200.00 20.00 
1 2 11 200.00 20.00 
1 2 12 200.00 20.00 
1 2 13 200.00 20.00 
1 2 14 200.00 20.00 
1 2 15 200.00 20.00 
1 2 16 200.00 20.00 
1 2 17 200.00 20.00 
1 2 18 200.00 20.00 
2 1 1 189.63 105.04 
2 1 2 200.00 20.00 
2 1 3 500.00 50.00 
2 1 4 500.00 50.00 
2 1 5 298.29 129.39 
2 1 6 387.42 179.50 
2 1 7 200.00 20.00 
2 1 8 156.815 42.202 
2 1 9 200.00 20.00 
2 1 10 281.92 100.29 
2 1 11 203.35 67.47 
2 1 12 200.00 20.00 
2 1 13 200.00 20.00 
2 1 14 158.52 66.87 
2 1 15 200.00 20.00 
2 1 16 200.00 20.00 
2 1 17 200.00 20.00 
2 1 18 200.00 20.00 
2 2 1 160.72 36.09 
2 2 2 139.453 42.993 
2 2 3 198.51 216.07 
2 2 4 193.603 48.028 
2 2 5 179.165 24.088 
2 2 6 189.012 40.544 
2 2 7 233.23 81.31 
2 2 8 135.033 23.297 
2 2 9 154.581 35.113 
2 2 10 302.89 134.10 
2 2 11 200.00 20.00 
2 2 12 191.27 54.69 
2 2 13 150.268 33.213 
2 2 14 282.66 119.96 
2 2 15 142.027 24.214 
2 2 16 209.45 66.08 
2 2 17 415.49 205.81 
2 2 18 127.969 25.291 
3 1 1 155.83 41.87 
3 1 2 145.97 46.37 
3 1 3 109.000 38.796 
3 1 4 234.588 128.100 
3 1 5 200.00 20.00 
3 1 6 156.867 42.199 
3 1 7 192.54 44.45 
3 1 8 202.04 66.15 
3 1 9 168.55 48.48 
3 1 10 154.562 37.941 
3 1 11 182.43 55.64 
3 1 12 198.04 58.32 
3 1 13 252.38 93.68 
3 1 14 172.56 63.31 
3 1 15 216.40 72.95 
3 1 16 170.14 64.77 
3 1 17 161.23 46.14 
3 1 18 143.60 37.25 
3 2 1 145.027 47.714 
3 2 2 156.10 38.90 
3 2 3 139.58 37.08 
3 2 4 150.075 42.552 
3 2 5 193.39 61.91 
3 2 6 279.33 105.97 
3 2 7 261.48 102.19 
3 2 8 190.11 55.06 
3 2 9 201.99 67.36 
3 2 10 172.17 50.04 
3 2 11 205.79 62.64 
3 2 12 174.87 56.54 
3 2 13 193.50 144.62 
3 2 14 170.607 50.525 
3 2 15 500.00 50.00 
3 2 16 205.20 70.04 
3 2 17 168.02 50.90 
3 2 18 171.13 45.93 
4 1 1 200.00 20.00 
4 1 2 200.00 20.00 
4 1 3 200.00 20.00 
4 1 4 200.00 20.00 
4 1 5 200.00 20.00 
4 1 6 200.00 20.00 
4 1 7 200.00 20.00 
4 1 8 200.00 20.00 
4 1 9 200.00 20.00 
4 1 10 200.00 20.00 
4 1 11 200.00 20.00 
4 1 12 200.00 20.00 
4 1 13 200.00 20.00 
4 1 14 200.00 20.00 
4 1 15 200.00 20.00 
4 1 16 200.00 20.00 
4 1 17 200.00 20.00 
4 1 18 200.00 20.00 
4 2 1 200.00 20.00 
4 2 2 200.00 20.00 
4 2 3 200.00 20.00 
4 2 4 200.00 20.00 
4 2 5 200.00 20.00 
4 2 6 200.00 20.00 
4 2 7 200.00 20.00 
4 2 8 200.00 20.00 
4 2 9 200.00 20.00 
4 2 10 200.00 20.00 
4 2 11 200.00 20.00 
4 2 12 200.00 20.00 
4 2 13 200.00 20.00 
4 2 14 200.00 20.00 
4 2 15 200.00 20.00 
4 2 16 200.00 20.00 
4 2 17 200.00 20.00 
4 2 18 200.00 20.00 
5 1 1 171.24 59.68 
5 1 2 151.10 48.24 
5 1 3 165.736 115.614 
5 1 4 191.20 55.08 
5 1 5 155.66 63.96 
5 1 6 220.36 71.48 
5 1 7 176.59 49.72 
5 1 8 185.90 54.46 
5 1 9 171.18 49.48 
5 1 10 189.67 55.67 
5 1 11 197.66 57.10 
5 1 12 217.56 70.81 
5 1 13 227.98 75.60 
5 1 14 182.98 63.21 
5 1 15 245.67 83.43 
5 1 16 192.79 60.97 
5 1 17 212.00 74.65 
5 1 18 177.39 93.83 
5 2 1 166.68 39.87 
5 2 2 192.60 55.94 
5 2 3 162.13 39.99 
5 2 4 159.05 36.11 
5 2 5 201.55 60.03 
5 2 6 180.64 52.21 
5 2 7 207.07 58.70 
5 2 8 176.08 49.70 
5 2 9 211.60 64.72 
5 2 10 182.27 48.57 
5 2 11 200.00 20.00 
5 2 12 200.00 20.00 
5 2 13 161.32 49.24 
5 2 14 232.14 79.98 
5 2 15 177.19 51.13 
5 2 16 205.69 68.08 
5 2 17 217.20 70.18 
5 2 18 500.00 50.00 
6 1 1 132.19 35.48 
6 1 2 199.40 76.59 
6 1 3 204.22 68.10 
6 1 4 173.64 56.33 
6 1 5 172.69 49.64 
6 1 6 168.93 49.22 
6 1 7 163.682 43.543 
6 1 8 500.00 50.00 
6 1 9 151.909 43.884 
6 1 10 211.22 70.76 
6 1 11 174.94 56.47 
6 1 12 167.09 55.82 
6 1 13 188.85 64.77 
6 1 14 243.55 79.92 
6 1 15 198.87 60.77 
6 1 16 168.24 52.61 
6 1 17 151.24 30.54 
6 1 18 124.41 23.48 
6 2 1 151.63 32.69 
6 2 2 148.37 34.42 
6 2 3 204.75 68.94 
6 2 4 230.31 75.70 
6 2 5 169.28 51.73 
6 2 6 162.02 44.91 
6 2 7 219.10 128.44 
6 2 8 223.74 57.86 
6 2 9 156.32 58.16 
6 2 10 244.23 96.94 
6 2 11 397.69 239.08 
6 2 12 196.50 56.29 
6 2 13 164.70 78.93 
6 2 14 203.81 62.99 
6 2 15 345.30 151.20 
6 2 16 153.97 56.36 
6 2 17 158.50 37.48 
6 2 18 197.73 97.76 
