1 1 1 200.00 20.00 
1 1 2 200.00 20.00 
1 1 3 200.00 20.00 
1 1 4 200.00 20.00 
1 1 5 200.00 20.00 
1 1 6 200.00 20.00 
1 1 7 200.00 20.00 
1 1 8 200.00 20.00 
1 1 9 200.00 20.00 
1 1 10 200.00 20.00 
1 1 11 200.00 20.00 
1 1 12 200.00 20.00 
1 1 13 200.00 20.00 
1 1 14 200.00 20.00 
1 1 15 200.00 20.00 
1 1 16 200.00 20.00 
1 1 17 200.00 20.00 
1 1 18 200.00 20.00 
1 2 1 200.00 20.00 
1 2 2 200.00 20.00 
1 2 3 200.00 20.00 
1 2 4 200.00 20.00 
1 2 5 200.00 20.00 
1 2 6 200.00 20.00 
1 2 7 200.00 20.00 
1 2 8 200.00 20.00 
1 2 9 200.00 20.00 
1 2 10 200.00 20.00 
1 2 11 200.00 20.00 
1 2 12 200.00 20.00 
1 2 13 200.00 20.00 
1 2 14 200.00 20.00 
1 2 15 200.00 20.00 
1 2 16 200.00 20.00 
1 2 17 200.00 20.00 
1 2 18 200.00 20.00 
2 1 1 191.30 109.65 
2 1 2 200.00 20.00 
2 1 3 500.00 50.00 
2 1 4 500.00 50.00 
2 1 5 297.83 135.07 
2 1 6 388.20 172.46 
2 1 7 200.00 20.00 
2 1 8 149.21 38.90 
2 1 9 200.00 20.00 
2 1 10 306.30 108.11 
2 1 11 207.54 66.23 
2 1 12 200.00 20.00 
2 1 13 200.00 20.00 
2 1 14 143.33 34.89 
2 1 15 200.00 20.00 
2 1 16 200.00 20.00 
2 1 17 200.00 20.00 
2 1 18 200.00 20.00 
2 2 1 164.90 39.85 
2 2 2 146.304 47.166 
2 2 3 500.00 50.00 
2 2 4 201.549 53.047 
2 2 5 209.53 30.79 
2 2 6 259.68 93.37 
2 2 7 238.03 84.43 
2 2 8 156.993 26.110 
2 2 9 154.37 41.30 
2 2 10 331.44 147.79 
2 2 11 200.00 20.00 
2 2 12 184.39 47.33 
2 2 13 145.35 37.21 
2 2 14 278.12 107.83 
2 2 15 142.660 28.880 
2 2 16 221.12 72.32 
2 2 17 500.00 50.00 
2 2 18 133.45 30.46 
3 1 1 197.324 77.511 
3 1 2 152.46 53.43 
3 1 3 119.169 42.101 
3 1 4 227.096 144.641 
3 1 5 200.00 20.00 
3 1 6 147.94 41.84 
3 1 7 203.38 54.54 
3 1 8 201.98 60.60 
3 1 9 166.46 45.13 
3 1 10 150.18 42.52 
3 1 11 175.31 48.43 
3 1 12 192.79 54.69 
3 1 13 252.04 92.81 
3 1 14 165.38 45.17 
3 1 15 208.97 66.91 
3 1 16 161.46 48.52 
3 1 17 165.52 47.30 
3 1 18 136.65 26.40 
3 2 1 149.996 46.202 
3 2 2 171.04 47.84 
3 2 3 143.10 39.98 
3 2 4 149.166 42.608 
3 2 5 186.05 54.17 
3 2 6 266.98 96.21 
3 2 7 241.22 96.36 
3 2 8 185.96 51.02 
3 2 9 197.59 61.86 
3 2 10 166.27 45.90 
3 2 11 195.35 52.85 
3 2 12 164.74 46.44 
3 2 13 136.798 41.687 
3 2 14 151.388 40.834 
3 2 15 500.00 50.00 
3 2 16 199.70 61.68 
3 2 17 171.91 52.30 
3 2 18 177.52 52.30 
4 1 1 200.00 20.00 
4 1 2 200.00 20.00 
4 1 3 200.00 20.00 
4 1 4 200.00 20.00 
4 1 5 200.00 20.00 
4 1 6 200.00 20.00 
4 1 7 200.00 20.00 
4 1 8 200.00 20.00 
4 1 9 200.00 20.00 
4 1 10 200.00 20.00 
4 1 11 200.00 20.00 
4 1 12 200.00 20.00 
4 1 13 200.00 20.00 
4 1 14 200.00 20.00 
4 1 15 200.00 20.00 
4 1 16 200.00 20.00 
4 1 17 200.00 20.00 
4 1 18 200.00 20.00 
4 2 1 200.00 20.00 
4 2 2 200.00 20.00 
4 2 3 200.00 20.00 
4 2 4 200.00 20.00 
4 2 5 200.00 20.00 
4 2 6 200.00 20.00 
4 2 7 200.00 20.00 
4 2 8 200.00 20.00 
4 2 9 200.00 20.00 
4 2 10 200.00 20.00 
4 2 11 200.00 20.00 
4 2 12 200.00 20.00 
4 2 13 200.00 20.00 
4 2 14 200.00 20.00 
4 2 15 200.00 20.00 
4 2 16 200.00 20.00 
4 2 17 200.00 20.00 
4 2 18 200.00 20.00 
5 1 1 167.74 62.55 
5 1 2 158.68 55.97 
5 1 3 182.08 55.02 
5 1 4 187.75 50.84 
5 1 5 152.83 58.35 
5 1 6 205.88 61.22 
5 1 7 168.11 42.99 
5 1 8 179.46 46.78 
5 1 9 163.33 44.17 
5 1 10 181.73 47.72 
5 1 11 194.72 51.68 
5 1 12 207.88 64.16 
5 1 13 234.12 79.98 
5 1 14 173.47 48.30 
5 1 15 247.85 82.66 
5 1 16 187.03 54.54 
5 1 17 213.24 74.60 
5 1 18 222.56 77.96 
5 2 1 170.59 43.61 
5 2 2 201.37 60.18 
5 2 3 167.66 41.21 
5 2 4 154.82 32.43 
5 2 5 193.12 53.10 
5 2 6 171.92 43.64 
5 2 7 203.42 54.94 
5 2 8 162.53 40.68 
5 2 9 218.94 65.29 
5 2 10 177.12 43.43 
5 2 11 500.00 50.00 
5 2 12 200.00 20.00 
5 2 13 156.91 40.63 
5 2 14 254.89 87.87 
5 2 15 167.26 40.84 
5 2 16 205.63 63.82 
5 2 17 223.60 72.86 
5 2 18 500.00 50.00 
6 1 1 139.05 39.79 
6 1 2 208.79 84.77 
6 1 3 251.421 120.762 
6 1 4 203.627 92.990 
6 1 5 165.08 40.07 
6 1 6 161.62 41.29 
6 1 7 151.80 40.07 
6 1 8 254.37 111.21 
6 1 9 152.23 47.95 
6 1 10 222.84 72.84 
6 1 11 170.06 47.74 
6 1 12 150.66 33.63 
6 1 13 185.47 54.90 
6 1 14 219.26 65.18 
6 1 15 193.12 56.01 
6 1 16 162.10 47.06 
6 1 17 149.67 28.63 
6 1 18 124.64 21.58 
6 2 1 159.65 41.07 
6 2 2 153.98 39.37 
6 2 3 210.78 71.81 
6 2 4 228.15 74.99 
6 2 5 164.06 44.53 
6 2 6 159.11 40.99 
6 2 7 144.846 30.133 
6 2 8 227.57 66.23 
6 2 9 140.79 32.36 
6 2 10 202.56 113.57 
6 2 11 500.00 50.00 
6 2 12 184.99 46.14 
6 2 13 144.62 38.33 
6 2 14 203.41 57.73 
6 2 15 402.61 207.78 
6 2 16 149.24 54.59 
6 2 17 163.10 38.06 
6 2 18 500.00 50.00 
