1 0 1 200.00 20.00 
1 0 2 200.00 20.00 
1 0 3 200.00 20.00 
1 0 4 200.00 20.00 
1 0 5 200.00 20.00 
1 0 6 200.00 20.00 
1 0 7 200.00 20.00 
1 0 8 200.00 20.00 
1 0 9 200.00 20.00 
1 0 10 200.00 20.00 
1 0 11 200.00 20.00 
1 0 12 200.00 20.00 
1 0 13 200.00 20.00 
1 0 14 200.00 20.00 
1 0 15 200.00 20.00 
1 0 16 200.00 20.00 
1 0 17 200.00 20.00 
1 0 18 200.00 20.00 
1 1 1 200.00 20.00 
1 1 2 200.00 20.00 
1 1 3 200.00 20.00 
1 1 4 200.00 20.00 
1 1 5 200.00 20.00 
1 1 6 200.00 20.00 
1 1 7 200.00 20.00 
1 1 8 200.00 20.00 
1 1 9 200.00 20.00 
1 1 10 200.00 20.00 
1 1 11 200.00 20.00 
1 1 12 200.00 20.00 
1 1 13 200.00 20.00 
1 1 14 200.00 20.00 
1 1 15 200.00 20.00 
1 1 16 200.00 20.00 
1 1 17 200.00 20.00 
1 1 18 200.00 20.00 
2 0 1 200.00 20.00 
2 0 2 200.00 20.00 
2 0 3 200.00 20.00 
2 0 4 200.00 20.00 
2 0 5 200.00 20.00 
2 0 6 200.00 20.00 
2 0 7 200.00 20.00 
2 0 8 200.00 20.00 
2 0 9 200.00 20.00 
2 0 10 200.00 20.00 
2 0 11 200.00 20.00 
2 0 12 200.00 20.00 
2 0 13 200.00 20.00 
2 0 14 200.00 20.00 
2 0 15 200.00 20.00 
2 0 16 200.00 20.00 
2 0 17 200.00 20.00 
2 0 18 200.00 20.00 
2 1 1 200.00 20.00 
2 1 2 200.00 20.00 
2 1 3 200.00 20.00 
2 1 4 200.00 20.00 
2 1 5 200.00 20.00 
2 1 6 200.00 20.00 
2 1 7 200.00 20.00 
2 1 8 200.00 20.00 
2 1 9 200.00 20.00 
2 1 10 200.00 20.00 
2 1 11 200.00 20.00 
2 1 12 200.00 20.00 
2 1 13 200.00 20.00 
2 1 14 200.00 20.00 
2 1 15 200.00 20.00 
2 1 16 200.00 20.00 
2 1 17 200.00 20.00 
2 1 18 200.00 20.00 
3 0 1 198.01 84.98 
3 0 2 174.28 78.80 
3 0 3 124.547 53.198 
3 0 4 224.117 127.417 
3 0 5 200.00 20.00 
3 0 6 162.928 42.649 
3 0 7 237.76 63.22 
3 0 8 239.045 76.717 
3 0 9 209.35 62.83 
3 0 10 176.393 46.632 
3 0 11 211.688 60.809 
3 0 12 260.21 84.55 
3 0 13 307.951 114.799 
3 0 14 201.43 61.20 
3 0 15 288.027 102.553 
3 0 16 176.109 45.952 
3 0 17 211.69 67.15 
3 0 18 153.50 40.74 
3 1 1 147.208 45.398 
3 1 2 206.44 75.76 
3 1 3 172.06 70.55 
3 1 4 165.445 52.260 
3 1 5 212.50 50.98 
3 1 6 385.89 166.40 
3 1 7 197.549 51.809 
3 1 8 247.14 91.58 
3 1 9 264.071 102.502 
3 1 10 218.52 84.91 
3 1 11 262.54 96.45 
3 1 12 232.26 90.48 
3 1 13 230.444 123.640 
3 1 14 175.202 54.071 
3 1 15 143.204 45.346 
3 1 16 188.585 49.985 
3 1 17 207.188 67.400 
3 1 18 224.89 85.19 
4 0 1 200.00 20.00 
4 0 2 200.00 20.00 
4 0 3 200.00 20.00 
4 0 4 200.00 20.00 
4 0 5 200.00 20.00 
4 0 6 200.00 20.00 
4 0 7 200.00 20.00 
4 0 8 200.00 20.00 
4 0 9 200.00 20.00 
4 0 10 200.00 20.00 
4 0 11 200.00 20.00 
4 0 12 200.00 20.00 
4 0 13 200.00 20.00 
4 0 14 200.00 20.00 
4 0 15 200.00 20.00 
4 0 16 200.00 20.00 
4 0 17 200.00 20.00 
4 0 18 200.00 20.00 
4 1 1 200.00 20.00 
4 1 2 200.00 20.00 
4 1 3 200.00 20.00 
4 1 4 200.00 20.00 
4 1 5 200.00 20.00 
4 1 6 200.00 20.00 
4 1 7 200.00 20.00 
4 1 8 200.00 20.00 
4 1 9 200.00 20.00 
4 1 10 200.00 20.00 
4 1 11 200.00 20.00 
4 1 12 200.00 20.00 
4 1 13 200.00 20.00 
4 1 14 200.00 20.00 
4 1 15 200.00 20.00 
4 1 16 200.00 20.00 
4 1 17 200.00 20.00 
4 1 18 200.00 20.00 
5 0 1 194.492 110.936 
5 0 2 198.31 119.38 
5 0 3 193.825 56.782 
5 0 4 217.50 48.40 
5 0 5 176.042 50.561 
5 0 6 255.578 77.201 
5 0 7 219.63 66.28 
5 0 8 237.81 76.14 
5 0 9 209.59 66.97 
5 0 10 240.11 74.35 
5 0 11 252.51 87.21 
5 0 12 214.20 83.76 
5 0 13 223.866 62.058 
5 0 14 169.009 41.801 
5 0 15 266.617 90.471 
5 0 16 251.02 90.08 
5 0 17 191.102 55.403 
5 0 18 311.19 142.65 
5 1 1 208.10 63.53 
5 1 2 255.81 89.39 
5 1 3 207.72 63.74 
5 1 4 181.12 44.86 
5 1 5 226.535 64.600 
5 1 6 222.70 68.49 
5 1 7 230.417 65.628 
5 1 8 191.602 47.888 
5 1 9 294.96 104.58 
5 1 10 228.93 71.73 
5 1 11 200.00 20.00 
5 1 12 200.00 20.00 
5 1 13 203.67 66.94 
5 1 14 225.665 68.216 
5 1 15 212.88 69.22 
5 1 16 234.181 73.738 
5 1 17 279.587 100.098 
5 1 18 152.64 26.18 
6 0 1 200.00 20.00 
6 0 2 200.00 20.00 
6 0 3 200.00 20.00 
6 0 4 200.00 20.00 
6 0 5 200.00 20.00 
6 0 6 200.00 20.00 
6 0 7 200.00 20.00 
6 0 8 200.00 20.00 
6 0 9 200.00 20.00 
6 0 10 200.00 20.00 
6 0 11 200.00 20.00 
6 0 12 200.00 20.00 
6 0 13 200.00 20.00 
6 0 14 200.00 20.00 
6 0 15 200.00 20.00 
6 0 16 200.00 20.00 
6 0 17 200.00 20.00 
6 0 18 200.00 20.00 
6 1 1 200.00 20.00 
6 1 2 200.00 20.00 
6 1 3 200.00 20.00 
6 1 4 200.00 20.00 
6 1 5 200.00 20.00 
6 1 6 200.00 20.00 
6 1 7 200.00 20.00 
6 1 8 200.00 20.00 
6 1 9 200.00 20.00 
6 1 10 200.00 20.00 
6 1 11 200.00 20.00 
6 1 12 200.00 20.00 
6 1 13 200.00 20.00 
6 1 14 200.00 20.00 
6 1 15 200.00 20.00 
6 1 16 200.00 20.00 
6 1 17 200.00 20.00 
6 1 18 200.00 20.00 
