1 1 1 200.00 20.00
1 1 2 200.00 20.00
1 1 3 200.00 20.00
1 1 4 200.00 20.00
1 1 5 200.00 20.00
1 1 6 200.00 20.00
1 1 7 200.00 20.00
1 1 8 200.00 20.00
1 1 9 200.00 20.00
1 1 10 200.00 20.00
1 1 11 200.00 20.00
1 1 12 200.00 20.00
1 1 13 200.00 20.00
1 1 14 200.00 20.00
1 1 15 200.00 20.00
1 1 16 200.00 20.00
1 1 17 200.00 20.00
1 1 18 200.00 20.00
1 2 1 200.00 20.00
1 2 2 200.00 20.00
1 2 3 200.00 20.00
1 2 4 200.00 20.00
1 2 5 200.00 20.00
1 2 6 200.00 20.00
1 2 7 200.00 20.00
1 2 8 200.00 20.00
1 2 9 200.00 20.00
1 2 10 200.00 20.00
1 2 11 200.00 20.00
1 2 12 200.00 20.00
1 2 13 200.00 20.00
1 2 14 200.00 20.00
1 2 15 200.00 20.00
1 2 16 200.00 20.00
1 2 17 200.00 20.00
1 2 18 200.00 20.00
2 1 1 200.00 20.00
2 1 2 200.00 20.00
2 1 3 200.00 20.00
2 1 4 200.00 20.00
2 1 5 200.00 20.00
2 1 6 200.00 20.00
2 1 7 200.00 20.00
2 1 8 200.00 20.00
2 1 9 200.00 20.00
2 1 10 200.00 20.00
2 1 11 200.00 20.00
2 1 12 200.00 20.00
2 1 13 200.00 20.00
2 1 14 200.00 20.00
2 1 15 200.00 20.00
2 1 16 200.00 20.00
2 1 17 200.00 20.00
2 1 18 200.00 20.00
2 2 1 200.00 20.00
2 2 2 200.00 20.00
2 2 3 200.00 20.00
2 2 4 200.00 20.00
2 2 5 200.00 20.00
2 2 6 200.00 20.00
2 2 7 200.00 20.00
2 2 8 200.00 20.00
2 2 9 200.00 20.00
2 2 10 200.00 20.00
2 2 11 200.00 20.00
2 2 12 200.00 20.00
2 2 13 200.00 20.00
2 2 14 200.00 20.00
2 2 15 200.00 20.00
2 2 16 200.00 20.00
2 2 17 200.00 20.00
2 2 18 200.00 20.00
3 1 1 195.44 82.71
3 1 2 172.42 82.38
3 1 3 118.672 40.250
3 1 4 228.86 135.61
3 1 5 200.00 20.00
3 1 6 175.15 52.63
3 1 7 233.67 64.21
3 1 8 269.16 94.67
3 1 9 204.33 62.49
3 1 10 178.79 52.85
3 1 11 224.13 77.83
3 1 12 251.87 79.88
3 1 13 347.41 155.30
3 1 14 188.82 52.89
3 1 15 296.88 109.16
3 1 16 175.75 45.38
3 1 17 203.54 64.47
3 1 18 147.78 34.08
3 2 1 157.94 63.60
3 2 2 192.74 68.20
3 2 3 163.14 58.96
3 2 4 144.251 38.120
3 2 5 209.618 65.171
3 2 6 365.67 167.33
3 2 7 207.209 60.416
3 2 8 192.50 41.12
3 2 9 228.084 71.674
3 2 10 181.74 50.69
3 2 11 251.34 91.70
3 2 12 219.69 80.05
3 2 13 161.630 52.919
3 2 14 158.111 44.251
3 2 15 186.36 285.24
3 2 16 203.205 58.308
3 2 17 216.00 77.75
3 2 18 222.09 82.71
4 1 1 200.00 20.00
4 1 2 200.00 20.00
4 1 3 200.00 20.00
4 1 4 200.00 20.00
4 1 5 200.00 20.00
4 1 6 200.00 20.00
4 1 7 200.00 20.00
4 1 8 200.00 20.00
4 1 9 200.00 20.00
4 1 10 200.00 20.00
4 1 11 200.00 20.00
4 1 12 200.00 20.00
4 1 13 200.00 20.00
4 1 14 200.00 20.00
4 1 15 200.00 20.00
4 1 16 200.00 20.00
4 1 17 200.00 20.00
4 1 18 200.00 20.00
4 2 1 200.00 20.00
4 2 2 200.00 20.00
4 2 3 200.00 20.00
4 2 4 200.00 20.00
4 2 5 200.00 20.00
4 2 6 200.00 20.00
4 2 7 200.00 20.00
4 2 8 200.00 20.00
4 2 9 200.00 20.00
4 2 10 200.00 20.00
4 2 11 200.00 20.00
4 2 12 200.00 20.00
4 2 13 200.00 20.00
4 2 14 200.00 20.00
4 2 15 200.00 20.00
4 2 16 200.00 20.00
4 2 17 200.00 20.00
4 2 18 200.00 20.00
5 1 1 207.09 123.88
5 1 2 198.36 106.73
5 1 3 232.00 93.56
5 1 4 245.87 95.37
5 1 5 182.670 57.802
5 1 6 280.52 102.02
5 1 7 204.59 63.21
5 1 8 217.06 66.46
5 1 9 200.48 60.75
5 1 10 220.65 64.72
5 1 11 239.62 87.96
5 1 12 214.725 62.583
5 1 13 208.148 59.548
5 1 14 206.72 67.41
5 1 15 215.626 61.290
5 1 16 237.67 83.96
5 1 17 219.398 95.415
5 1 18 303.55 150.64
5 2 1 205.19 67.18
5 2 2 248.96 91.65
5 2 3 167.50 32.50
5 2 4 170.92 43.65
5 2 5 260.97 95.31
5 2 6 208.06 62.45
5 2 7 267.64 89.17
5 2 8 231.44 78.72
5 2 9 287.80 106.66
5 2 10 216.20 63.53
5 2 11 200.00 20.00
5 2 12 200.00 20.00
5 2 13 198.20 64.06
5 2 14 231.366 76.202
5 2 15 205.59 59.18
5 2 16 260.00 100.52
5 2 17 217.50 49.15
5 2 18 156.816 45.957
6 1 1 200.00 20.00
6 1 2 200.00 20.00
6 1 3 200.00 20.00
6 1 4 200.00 20.00
6 1 5 200.00 20.00
6 1 6 200.00 20.00
6 1 7 200.00 20.00
6 1 8 200.00 20.00
6 1 9 200.00 20.00
6 1 10 200.00 20.00
6 1 11 200.00 20.00
6 1 12 200.00 20.00
6 1 13 200.00 20.00
6 1 14 200.00 20.00
6 1 15 200.00 20.00
6 1 16 200.00 20.00
6 1 17 200.00 20.00
6 1 18 200.00 20.00
6 2 1 200.00 20.00
6 2 2 200.00 20.00
6 2 3 200.00 20.00
6 2 4 200.00 20.00
6 2 5 200.00 20.00
6 2 6 200.00 20.00
6 2 7 200.00 20.00
6 2 8 200.00 20.00
6 2 9 200.00 20.00
6 2 10 200.00 20.00
6 2 11 200.00 20.00
6 2 12 200.00 20.00
6 2 13 200.00 20.00
6 2 14 200.00 20.00
6 2 15 200.00 20.00
6 2 16 200.00 20.00
6 2 17 200.00 20.00
6 2 18 200.00 20.00
