1 1 1 200.00 20.00
1 1 2 200.00 20.00
1 1 3 200.00 20.00
1 1 4 200.00 20.00
1 1 5 200.00 20.00
1 1 6 200.00 20.00
1 1 7 200.00 20.00
1 1 8 200.00 20.00
1 1 9 200.00 20.00
1 1 10 200.00 20.00
1 1 11 200.00 20.00
1 1 12 200.00 20.00
1 1 13 200.00 20.00
1 1 14 200.00 20.00
1 1 15 200.00 20.00
1 1 16 200.00 20.00
1 1 17 200.00 20.00
1 1 18 200.00 20.00
1 2 1 200.00 20.00
1 2 2 200.00 20.00
1 2 3 200.00 20.00
1 2 4 200.00 20.00
1 2 5 200.00 20.00
1 2 6 200.00 20.00
1 2 7 200.00 20.00
1 2 8 200.00 20.00
1 2 9 200.00 20.00
1 2 10 200.00 20.00
1 2 11 200.00 20.00
1 2 12 200.00 20.00
1 2 13 200.00 20.00
1 2 14 200.00 20.00
1 2 15 200.00 20.00
1 2 16 200.00 20.00
1 2 17 200.00 20.00
1 2 18 200.00 20.00
2 1 1 200.00 20.00
2 1 2 200.00 20.00
2 1 3 200.00 20.00
2 1 4 200.00 20.00
2 1 5 200.00 20.00
2 1 6 200.00 20.00
2 1 7 200.00 20.00
2 1 8 200.00 20.00
2 1 9 200.00 20.00
2 1 10 200.00 20.00
2 1 11 200.00 20.00
2 1 12 200.00 20.00
2 1 13 200.00 20.00
2 1 14 200.00 20.00
2 1 15 200.00 20.00
2 1 16 200.00 20.00
2 1 17 200.00 20.00
2 1 18 200.00 20.00
2 2 1 200.00 20.00
2 2 2 200.00 20.00
2 2 3 200.00 20.00
2 2 4 200.00 20.00
2 2 5 200.00 20.00
2 2 6 200.00 20.00
2 2 7 200.00 20.00
2 2 8 200.00 20.00
2 2 9 200.00 20.00
2 2 10 200.00 20.00
2 2 11 200.00 20.00
2 2 12 200.00 20.00
2 2 13 200.00 20.00
2 2 14 200.00 20.00
2 2 15 200.00 20.00
2 2 16 200.00 20.00
2 2 17 200.00 20.00
2 2 18 200.00 20.00
3 1 1 148.75 59.92
3 1 2 114.392 38.246
3 1 3 172.809 101.980
3 1 4 212.178 105.350
3 1 5 200.00 20.00
3 1 6 208.558 88.433
3 1 7 226.130 71.654
3 1 8 245.00 89.19
3 1 9 167.97 43.38
3 1 10 134.208 25.700
3 1 11 209.15 65.15
3 1 12 368.28 151.87
3 1 13 518.19 268.82
3 1 14 245.961 90.949
3 1 15 272.433 101.263
3 1 16 144.80 38.15
3 1 17 160.27 43.25
3 1 18 162.868 39.160
3 2 1 201.650 75.864
3 2 2 230.71 82.63
3 2 3 177.490 80.830
3 2 4 168.555 61.653
3 2 5 500 295.32
3 2 6 500 270.88
3 2 7 279.18 111.68
3 2 8 303.69 122.21
3 2 9 256.93 104.47
3 2 10 195.13 61.18
3 2 11 337.67 139.17
3 2 12 170.53 51.51
3 2 13 297.96 149.69
3 2 14 199.607 66.177
3 2 15 190.783 84.090
3 2 16 389.67 205.47
3 2 17 185.39 60.35
3 2 18 211.65 76.71
4 1 1 200.00 20.00
4 1 2 200.00 20.00
4 1 3 200.00 20.00
4 1 4 200.00 20.00
4 1 5 200.00 20.00
4 1 6 200.00 20.00
4 1 7 200.00 20.00
4 1 8 200.00 20.00
4 1 9 200.00 20.00
4 1 10 200.00 20.00
4 1 11 200.00 20.00
4 1 12 200.00 20.00
4 1 13 200.00 20.00
4 1 14 200.00 20.00
4 1 15 200.00 20.00
4 1 16 200.00 20.00
4 1 17 200.00 20.00
4 1 18 200.00 20.00
4 2 1 200.00 20.00
4 2 2 200.00 20.00
4 2 3 200.00 20.00
4 2 4 200.00 20.00
4 2 5 200.00 20.00
4 2 6 200.00 20.00
4 2 7 200.00 20.00
4 2 8 200.00 20.00
4 2 9 200.00 20.00
4 2 10 200.00 20.00
4 2 11 200.00 20.00
4 2 12 200.00 20.00
4 2 13 200.00 20.00
4 2 14 200.00 20.00
4 2 15 200.00 20.00
4 2 16 200.00 20.00
4 2 17 200.00 20.00
4 2 18 200.00 20.00
5 1 1 145.548 94.675
5 1 2 142.66 76.80
5 1 3 205.654 96.637
5 1 4 237.938 93.646
5 1 5 266.493 154.708
5 1 6 317.34 129.65
5 1 7 168.28 43.20
5 1 8 207.26 66.13
5 1 9 165.10 47.90
5 1 10 328.07 140.23
5 1 11 288.75 133.18
5 1 12 500 274.36
5 1 13 374.95 183.58
5 1 14 180.11 53.82
5 1 15 346.20 166.79
5 1 16 212.99 69.37
5 1 17 253.616 117.052
5 1 18 264.770 144.109
5 2 1 248.12 93.30
5 2 2 244.757 95.138
5 2 3 183.51 54.81
5 2 4 158.80 36.13
5 2 5 223.811 71.940
5 2 6 217.67 69.51
5 2 7 302.90 121.68
5 2 8 183.67 51.81
5 2 9 365.99 168.70
5 2 10 220.47 68.95
5 2 11 200.00 20.00
5 2 12 200.00 20.00
5 2 13 174.03 53.95
5 2 14 210.88 73.57
5 2 15 209.80 69.99
5 2 16 294.53 124.47
5 2 17 342.69 174.65
5 2 18 144.516 61.655
6 1 1 200.00 20.00
6 1 2 200.00 20.00
6 1 3 200.00 20.00
6 1 4 200.00 20.00
6 1 5 200.00 20.00
6 1 6 200.00 20.00
6 1 7 200.00 20.00
6 1 8 200.00 20.00
6 1 9 200.00 20.00
6 1 10 200.00 20.00
6 1 11 200.00 20.00
6 1 12 200.00 20.00
6 1 13 200.00 20.00
6 1 14 200.00 20.00
6 1 15 200.00 20.00
6 1 16 200.00 20.00
6 1 17 200.00 20.00
6 1 18 200.00 20.00
6 2 1 200.00 20.00
6 2 2 200.00 20.00
6 2 3 200.00 20.00
6 2 4 200.00 20.00
6 2 5 200.00 20.00
6 2 6 200.00 20.00
6 2 7 200.00 20.00
6 2 8 200.00 20.00
6 2 9 200.00 20.00
6 2 10 200.00 20.00
6 2 11 200.00 20.00
6 2 12 200.00 20.00
6 2 13 200.00 20.00
6 2 14 200.00 20.00
6 2 15 200.00 20.00
6 2 16 200.00 20.00
6 2 17 200.00 20.00
6 2 18 200.00 20.00
