1 1 1 200.00 20.00
1 1 2 200.00 20.00
1 1 3 200.00 20.00
1 1 4 200.00 20.00
1 1 5 200.00 20.00
1 1 6 200.00 20.00
1 1 7 200.00 20.00
1 1 8 200.00 20.00
1 1 9 200.00 20.00
1 1 10 200.00 20.00
1 1 11 200.00 20.00
1 1 12 200.00 20.00
1 1 13 200.00 20.00
1 1 14 200.00 20.00
1 1 15 200.00 20.00
1 1 16 200.00 20.00
1 1 17 200.00 20.00
1 1 18 200.00 20.00
1 2 1 200.00 20.00
1 2 2 200.00 20.00
1 2 3 200.00 20.00
1 2 4 200.00 20.00
1 2 5 200.00 20.00
1 2 6 200.00 20.00
1 2 7 200.00 20.00
1 2 8 200.00 20.00
1 2 9 200.00 20.00
1 2 10 200.00 20.00
1 2 11 200.00 20.00
1 2 12 200.00 20.00
1 2 13 200.00 20.00
1 2 14 200.00 20.00
1 2 15 200.00 20.00
1 2 16 200.00 20.00
1 2 17 200.00 20.00
1 2 18 200.00 20.00
2 1 1 200.00 20.00
2 1 2 200.00 20.00
2 1 3 200.00 20.00
2 1 4 200.00 20.00
2 1 5 200.00 20.00
2 1 6 200.00 20.00
2 1 7 200.00 20.00
2 1 8 200.00 20.00
2 1 9 200.00 20.00
2 1 10 200.00 20.00
2 1 11 200.00 20.00
2 1 12 200.00 20.00
2 1 13 200.00 20.00
2 1 14 200.00 20.00
2 1 15 200.00 20.00
2 1 16 200.00 20.00
2 1 17 200.00 20.00
2 1 18 200.00 20.00
2 2 1 200.00 20.00
2 2 2 200.00 20.00
2 2 3 200.00 20.00
2 2 4 200.00 20.00
2 2 5 200.00 20.00
2 2 6 200.00 20.00
2 2 7 200.00 20.00
2 2 8 200.00 20.00
2 2 9 200.00 20.00
2 2 10 200.00 20.00
2 2 11 200.00 20.00
2 2 12 200.00 20.00
2 2 13 200.00 20.00
2 2 14 200.00 20.00
2 2 15 200.00 20.00
2 2 16 200.00 20.00
2 2 17 200.00 20.00
2 2 18 200.00 20.00
3 1 1 148.92 57.41
3 1 2 114.984 41.482
3 1 3 143.639 102.368
3 1 4 213.80 114.09
3 1 5 200.00 20.00
3 1 6 163.670 71.067
3 1 7 224.24 67.10
3 1 8 245.92 89.38
3 1 9 173.72 48.93
3 1 10 142.95 31.19
3 1 11 205.30 63.03
3 1 12 363.02 151.90
3 1 13 500 236.84
3 1 14 199.962 57.951
3 1 15 232.941 83.353
3 1 16 139.79 30.92
3 1 17 157.54 44.15
3 1 18 500 244.81
3 2 1 169.702 49.236
3 2 2 229.34 88.28
3 2 3 169.672 55.360
3 2 4 229.50 102.07
3 2 5 500 299.38
3 2 6 500 235.64
3 2 7 190.056 42.989
3 2 8 312.91 115.89
3 2 9 250.75 92.10
3 2 10 195.21 61.08
3 2 11 344.75 139.17
3 2 12 167.89 50.58
3 2 13 191.068 67.490
3 2 14 179.113 66.338
3 2 15 185.962 85.351
3 2 16 390.56 179.96
3 2 17 181.36 54.99
3 2 18 206.27 70.63
4 1 1 200.00 20.00
4 1 2 200.00 20.00
4 1 3 200.00 20.00
4 1 4 200.00 20.00
4 1 5 200.00 20.00
4 1 6 200.00 20.00
4 1 7 200.00 20.00
4 1 8 200.00 20.00
4 1 9 200.00 20.00
4 1 10 200.00 20.00
4 1 11 200.00 20.00
4 1 12 200.00 20.00
4 1 13 200.00 20.00
4 1 14 200.00 20.00
4 1 15 200.00 20.00
4 1 16 200.00 20.00
4 1 17 200.00 20.00
4 1 18 200.00 20.00
4 2 1 200.00 20.00
4 2 2 200.00 20.00
4 2 3 200.00 20.00
4 2 4 200.00 20.00
4 2 5 200.00 20.00
4 2 6 200.00 20.00
4 2 7 200.00 20.00
4 2 8 200.00 20.00
4 2 9 200.00 20.00
4 2 10 200.00 20.00
4 2 11 200.00 20.00
4 2 12 200.00 20.00
4 2 13 200.00 20.00
4 2 14 200.00 20.00
4 2 15 200.00 20.00
4 2 16 200.00 20.00
4 2 17 200.00 20.00
4 2 18 200.00 20.00
5 1 1 130.185 101.988
5 1 2 153.98 83.23
5 1 3 205.510 96.031
5 1 4 249.64 108.34
5 1 5 234.910 158.017
5 1 6 312.41 137.75
5 1 7 170.11 43.11
5 1 8 207.70 62.20
5 1 9 164.28 49.46
5 1 10 320.41 131.22
5 1 11 287.88 129.62
5 1 12 500 264.29
5 1 13 384.78 175.31
5 1 14 181.08 52.29
5 1 15 351.31 154.01
5 1 16 205.93 66.02
5 1 17 228.407 85.167
5 1 18 274.637 110.840
5 2 1 248.20 88.48
5 2 2 269.66 106.94
5 2 3 185.19 55.70
5 2 4 144.12 25.94
5 2 5 241.358 97.677
5 2 6 214.14 70.44
5 2 7 309.83 134.60
5 2 8 187.81 52.46
5 2 9 372.28 176.74
5 2 10 221.40 75.77
5 2 11 200.00 20.00
5 2 12 200.00 20.00
5 2 13 175.87 52.74
5 2 14 216.11 79.09
5 2 15 209.86 69.36
5 2 16 290.66 114.26
5 2 17 271.15 101.62
5 2 18 196.69 54.50
6 1 1 200.00 20.00
6 1 2 200.00 20.00
6 1 3 200.00 20.00
6 1 4 200.00 20.00
6 1 5 200.00 20.00
6 1 6 200.00 20.00
6 1 7 200.00 20.00
6 1 8 200.00 20.00
6 1 9 200.00 20.00
6 1 10 200.00 20.00
6 1 11 200.00 20.00
6 1 12 200.00 20.00
6 1 13 200.00 20.00
6 1 14 200.00 20.00
6 1 15 200.00 20.00
6 1 16 200.00 20.00
6 1 17 200.00 20.00
6 1 18 200.00 20.00
6 2 1 200.00 20.00
6 2 2 200.00 20.00
6 2 3 200.00 20.00
6 2 4 200.00 20.00
6 2 5 200.00 20.00
6 2 6 200.00 20.00
6 2 7 200.00 20.00
6 2 8 200.00 20.00
6 2 9 200.00 20.00
6 2 10 200.00 20.00
6 2 11 200.00 20.00
6 2 12 200.00 20.00
6 2 13 200.00 20.00
6 2 14 200.00 20.00
6 2 15 200.00 20.00
6 2 16 200.00 20.00
6 2 17 200.00 20.00
6 2 18 200.00 20.00
