1 0 1 200.00 20.00 
1 0 2 200.00 20.00 
1 0 3 200.00 20.00 
1 0 4 200.00 20.00 
1 0 5 200.00 20.00 
1 0 6 200.00 20.00 
1 0 7 200.00 20.00 
1 0 8 200.00 20.00 
1 0 9 200.00 20.00 
1 0 10 200.00 20.00 
1 0 11 200.00 20.00 
1 0 12 200.00 20.00 
1 0 13 200.00 20.00 
1 0 14 200.00 20.00 
1 0 15 200.00 20.00 
1 0 16 200.00 20.00 
1 0 17 200.00 20.00 
1 0 18 200.00 20.00 
1 1 1 200.00 20.00 
1 1 2 200.00 20.00 
1 1 3 200.00 20.00 
1 1 4 200.00 20.00 
1 1 5 200.00 20.00 
1 1 6 200.00 20.00 
1 1 7 200.00 20.00 
1 1 8 200.00 20.00 
1 1 9 200.00 20.00 
1 1 10 200.00 20.00 
1 1 11 200.00 20.00 
1 1 12 200.00 20.00 
1 1 13 200.00 20.00 
1 1 14 200.00 20.00 
1 1 15 200.00 20.00 
1 1 16 200.00 20.00 
1 1 17 200.00 20.00 
1 1 18 200.00 20.00 
2 0 1 200.00 20.00 
2 0 2 200.00 20.00 
2 0 3 200.00 20.00 
2 0 4 200.00 20.00 
2 0 5 200.00 20.00 
2 0 6 200.00 20.00 
2 0 7 200.00 20.00 
2 0 8 200.00 20.00 
2 0 9 200.00 20.00 
2 0 10 200.00 20.00 
2 0 11 200.00 20.00 
2 0 12 200.00 20.00 
2 0 13 200.00 20.00 
2 0 14 200.00 20.00 
2 0 15 200.00 20.00 
2 0 16 200.00 20.00 
2 0 17 200.00 20.00 
2 0 18 200.00 20.00 
2 1 1 200.00 20.00 
2 1 2 200.00 20.00 
2 1 3 200.00 20.00 
2 1 4 200.00 20.00 
2 1 5 200.00 20.00 
2 1 6 200.00 20.00 
2 1 7 200.00 20.00 
2 1 8 200.00 20.00 
2 1 9 200.00 20.00 
2 1 10 200.00 20.00 
2 1 11 200.00 20.00 
2 1 12 200.00 20.00 
2 1 13 200.00 20.00 
2 1 14 200.00 20.00 
2 1 15 200.00 20.00 
2 1 16 200.00 20.00 
2 1 17 200.00 20.00 
2 1 18 200.00 20.00 
3 0 1 144.69 54.61 
3 0 2 110.08 45.66 
3 0 3 122.16 114.53 
3 0 4 206.69 110.14 
3 0 5 200.00 20.00 
3 0 6 135.61 33.99 
3 0 7 183.26 53.50 
3 0 8 204.915 72.982
3 0 9 162.20 43.87 
3 0 10 131.69 22.41 
3 0 11 199.70 60.60 
3 0 12 347.72 144.82 
3 0 13 457.23 251.24 
3 0 14 150.00 20.00 
3 0 15 294.77 115.44 
3 0 16 128.74 26.23 
3 0 17 152.50 39.38 
3 0 18 500.00 50.00 
3 1 1 172.592 60.156 
3 1 2 222.64 80.92 
3 1 3 136.720 33.468 
3 1 4 131.857 30.543 
3 1 5 500.00 50.00 
3 1 6 500.00 50.00 
3 1 7 170.904 39.116 
3 1 8 294.02 121.39 
3 1 9 241.11 92.26 
3 1 10 186.96 60.21 
3 1 11 319.30 139.04 
3 1 12 158.96 40.98 
3 1 13 149.159 51.625 
3 1 14 500.00 50.00 
3 1 15 164.830 55.126 
3 1 16 381.41 176.13 
3 1 17 179.58 52.73 
3 1 18 206.19 66.94 
4 0 1 200.00 20.00 
4 0 2 200.00 20.00 
4 0 3 200.00 20.00 
4 0 4 200.00 20.00 
4 0 5 200.00 20.00 
4 0 6 200.00 20.00 
4 0 7 200.00 20.00 
4 0 8 200.00 20.00 
4 0 9 200.00 20.00 
4 0 10 200.00 20.00 
4 0 11 200.00 20.00 
4 0 12 200.00 20.00 
4 0 13 200.00 20.00 
4 0 14 200.00 20.00 
4 0 15 200.00 20.00 
4 0 16 200.00 20.00 
4 0 17 200.00 20.00 
4 0 18 200.00 20.00 
4 1 1 200.00 20.00 
4 1 2 200.00 20.00 
4 1 3 200.00 20.00 
4 1 4 200.00 20.00 
4 1 5 200.00 20.00 
4 1 6 200.00 20.00 
4 1 7 200.00 20.00 
4 1 8 200.00 20.00 
4 1 9 200.00 20.00 
4 1 10 200.00 20.00 
4 1 11 200.00 20.00 
4 1 12 200.00 20.00 
4 1 13 200.00 20.00 
4 1 14 200.00 20.00 
4 1 15 200.00 20.00 
4 1 16 200.00 20.00 
4 1 17 200.00 20.00 
4 1 18 200.00 20.00 
5 0 1 134.784 97.521 
5 0 2 146.89 74.46 
5 0 3 228.58 97.34 
5 0 4 237.38 101.06 
5 0 5 214.923 225.862 
5 0 6 262.892 118.710 
5 0 7 163.98 41.37 
5 0 8 197.47 59.24 
5 0 9 160.71 45.92 
5 0 10 310.38 118.36 
5 0 11 279.29 122.99 
5 0 12 500.00 50.00 
5 0 13 355.58 173.99 
5 0 14 174.63 50.16 
5 0 15 275.55 117.595 
5 0 16 203.93 65.63 
5 0 17 209.882 73.527 
5 0 18 265.501 126.490 
5 1 1 238.22 88.32 
5 1 2 211.851 65.2 
5 1 3 179.75 54.22 
5 1 4 140.38 24.97 
5 1 5 264.70 103.59 
5 1 6 205.94 64.34 
5 1 7 298.04 121.47 
5 1 8 177.18 47.90 
5 1 9 365.83 157.16 
5 1 10 212.28 69.50 
5 1 11 200.00 20.00 
5 1 12 200.00 20.00 
5 1 13 172.50 54.44 
5 1 14 211.75 69.44 
5 1 15 205.94 63.03 
5 1 16 280.91 111.74 
5 1 17 247.309 95.74 
5 1 18 500.00 50.00 
6 0 1 200.00 20.00 
6 0 2 200.00 20.00 
6 0 3 200.00 20.00 
6 0 4 200.00 20.00 
6 0 5 200.00 20.00 
6 0 6 200.00 20.00 
6 0 7 200.00 20.00 
6 0 8 200.00 20.00 
6 0 9 200.00 20.00 
6 0 10 200.00 20.00 
6 0 11 200.00 20.00 
6 0 12 200.00 20.00 
6 0 13 200.00 20.00 
6 0 14 200.00 20.00 
6 0 15 200.00 20.00 
6 0 16 200.00 20.00 
6 0 17 200.00 20.00 
6 0 18 200.00 20.00 
6 1 1 200.00 20.00 
6 1 2 200.00 20.00 
6 1 3 200.00 20.00 
6 1 4 200.00 20.00 
6 1 5 200.00 20.00 
6 1 6 200.00 20.00 
6 1 7 200.00 20.00 
6 1 8 200.00 20.00 
6 1 9 200.00 20.00 
6 1 10 200.00 20.00 
6 1 11 200.00 20.00 
6 1 12 200.00 20.00 
6 1 13 200.00 20.00 
6 1 14 200.00 20.00 
6 1 15 200.00 20.00 
6 1 16 200.00 20.00 
6 1 17 200.00 20.00 
6 1 18 200.00 20.00 
