1 1 1 200.00 20.00
1 1 2 200.00 20.00
1 1 3 200.00 20.00
1 1 4 200.00 20.00
1 1 5 200.00 20.00
1 1 6 200.00 20.00
1 1 7 200.00 20.00
1 1 8 200.00 20.00
1 1 9 200.00 20.00
1 1 10 200.00 20.00
1 1 11 200.00 20.00
1 1 12 200.00 20.00
1 1 13 200.00 20.00
1 1 14 200.00 20.00
1 1 15 200.00 20.00
1 1 16 200.00 20.00
1 1 17 200.00 20.00
1 1 18 200.00 20.00
1 2 1 200.00 20.00
1 2 2 200.00 20.00
1 2 3 200.00 20.00
1 2 4 200.00 20.00
1 2 5 200.00 20.00
1 2 6 200.00 20.00
1 2 7 200.00 20.00
1 2 8 200.00 20.00
1 2 9 200.00 20.00
1 2 10 200.00 20.00
1 2 11 200.00 20.00
1 2 12 200.00 20.00
1 2 13 200.00 20.00
1 2 14 200.00 20.00
1 2 15 200.00 20.00
1 2 16 200.00 20.00
1 2 17 200.00 20.00
1 2 18 200.00 20.00
2 1 1 200.00 20.00
2 1 2 200.00 20.00
2 1 3 200.00 20.00
2 1 4 200.00 20.00
2 1 5 200.00 20.00
2 1 6 200.00 20.00
2 1 7 200.00 20.00
2 1 8 200.00 20.00
2 1 9 200.00 20.00
2 1 10 200.00 20.00
2 1 11 200.00 20.00
2 1 12 200.00 20.00
2 1 13 200.00 20.00
2 1 14 200.00 20.00
2 1 15 200.00 20.00
2 1 16 200.00 20.00
2 1 17 200.00 20.00
2 1 18 200.00 20.00
2 2 1 200.00 20.00
2 2 2 200.00 20.00
2 2 3 200.00 20.00
2 2 4 200.00 20.00
2 2 5 200.00 20.00
2 2 6 200.00 20.00
2 2 7 200.00 20.00
2 2 8 200.00 20.00
2 2 9 200.00 20.00
2 2 10 200.00 20.00
2 2 11 200.00 20.00
2 2 12 200.00 20.00
2 2 13 200.00 20.00
2 2 14 200.00 20.00
2 2 15 200.00 20.00
2 2 16 200.00 20.00
2 2 17 200.00 20.00
2 2 18 200.00 20.00
3 1 1 171.41 70.13
3 1 2 144.41 68.40
3 1 3 82.50 48.11
3 1 4 187.64 130.90
3 1 5 200.00 20.00
3 1 6 145.90 37.31
3 1 7 256.88 91.26
3 1 8 236.02 84.25
3 1 9 181.15 55.07
3 1 10 131.321 23.919
3 1 11 187.306 51.356
3 1 12 225.066 71.613
3 1 13 200.00 20.00
3 1 14 174.11 51.49
3 1 15 193.993 53.258
3 1 16 144.37 33.99
3 1 17 166.81 51.17
3 1 18 500.00 50.00
3 2 1 247.50 348.25
3 2 2 175.46 57.07
3 2 3 138.500 38.128
3 2 4 137.329 35.387
3 2 5 252.55 99.65
3 2 6 500.00 50.00
3 2 7 188.364 52.724
3 2 8 250.83 87.38
3 2 9 193.552 55.275
3 2 10 198.05 67.42
3 2 11 280.84 104.30
3 2 12 183.66 58.78
3 2 13 142.851 38.948
3 2 14 500.00 50.00
3 2 15 181.584 89.974
3 2 16 320.65 141.19
3 2 17 196.50 75.11
3 2 18 205.97 73.43
4 1 1 200.00 20.00
4 1 2 200.00 20.00
4 1 3 200.00 20.00
4 1 4 200.00 20.00
4 1 5 200.00 20.00
4 1 6 200.00 20.00
4 1 7 200.00 20.00
4 1 8 200.00 20.00
4 1 9 200.00 20.00
4 1 10 200.00 20.00
4 1 11 200.00 20.00
4 1 12 200.00 20.00
4 1 13 200.00 20.00
4 1 14 200.00 20.00
4 1 15 200.00 20.00
4 1 16 200.00 20.00
4 1 17 200.00 20.00
4 1 18 200.00 20.00
4 2 1 200.00 20.00
4 2 2 200.00 20.00
4 2 3 200.00 20.00
4 2 4 200.00 20.00
4 2 5 200.00 20.00
4 2 6 200.00 20.00
4 2 7 200.00 20.00
4 2 8 200.00 20.00
4 2 9 200.00 20.00
4 2 10 200.00 20.00
4 2 11 200.00 20.00
4 2 12 200.00 20.00
4 2 13 200.00 20.00
4 2 14 200.00 20.00
4 2 15 200.00 20.00
4 2 16 200.00 20.00
4 2 17 200.00 20.00
4 2 18 200.00 20.00
5 1 1 167.790 123.947
5 1 2 169.51 92.73
5 1 3 220.90 98.18
5 1 4 239.55 96.97
5 1 5 500.00 50.00
5 1 6 288.95 114.43
5 1 7 183.38 52.50
5 1 8 204.46 64.09
5 1 9 177.10 51.71
5 1 10 273.04 103.04
5 1 11 271.07 118.36
5 1 12 500.00 50.00
5 1 13 191.039 51.991
5 1 14 188.83 60.85
5 1 15 232.08 91.37
5 1 16 203.85 68.15
5 1 17 206.311 88.771
5 1 18 266.639 159.897
5 2 1 229.14 83.59
5 2 2 194.028 52.183
5 2 3 188.04 56.16
5 2 4 162.15 39.24
5 2 5 194.502 55.174
5 2 6 212.69 65.82
5 2 7 268.20 94.38
5 2 8 156.39 35.807
5 2 9 313.14 136.02
5 2 10 215.64 68.99
5 2 11 200.00 20.00
5 2 12 200.00 20.00
5 2 13 179.95 53.84
5 2 14 227.50 55.67
5 2 15 204.27 62.49
5 2 16 244.39 90.77
5 2 17 327.22 144.61
5 2 18 500.00 50.00
6 1 1 200.00 20.00
6 1 2 200.00 20.00
6 1 3 200.00 20.00
6 1 4 200.00 20.00
6 1 5 200.00 20.00
6 1 6 200.00 20.00
6 1 7 200.00 20.00
6 1 8 200.00 20.00
6 1 9 200.00 20.00
6 1 10 200.00 20.00
6 1 11 200.00 20.00
6 1 12 200.00 20.00
6 1 13 200.00 20.00
6 1 14 200.00 20.00
6 1 15 200.00 20.00
6 1 16 200.00 20.00
6 1 17 200.00 20.00
6 1 18 200.00 20.00
6 2 1 200.00 20.00
6 2 2 200.00 20.00
6 2 3 200.00 20.00
6 2 4 200.00 20.00
6 2 5 200.00 20.00
6 2 6 200.00 20.00
6 2 7 200.00 20.00
6 2 8 200.00 20.00
6 2 9 200.00 20.00
6 2 10 200.00 20.00
6 2 11 200.00 20.00
6 2 12 200.00 20.00
6 2 13 200.00 20.00
6 2 14 200.00 20.00
6 2 15 200.00 20.00
6 2 16 200.00 20.00
6 2 17 200.00 20.00
6 2 18 200.00 20.00
