1 1 1 200.00 20.00
1 1 2 200.00 20.00
1 1 3 200.00 20.00
1 1 4 200.00 20.00
1 1 5 200.00 20.00
1 1 6 200.00 20.00
1 1 7 200.00 20.00
1 1 8 200.00 20.00
1 1 9 200.00 20.00
1 1 10 200.00 20.00
1 1 11 200.00 20.00
1 1 12 200.00 20.00
1 1 13 200.00 20.00
1 1 14 200.00 20.00
1 1 15 200.00 20.00
1 1 16 200.00 20.00
1 1 17 200.00 20.00
1 1 18 200.00 20.00
1 2 1 200.00 20.00
1 2 2 200.00 20.00
1 2 3 200.00 20.00
1 2 4 200.00 20.00
1 2 5 200.00 20.00
1 2 6 200.00 20.00
1 2 7 200.00 20.00
1 2 8 200.00 20.00
1 2 9 200.00 20.00
1 2 10 200.00 20.00
1 2 11 200.00 20.00
1 2 12 200.00 20.00
1 2 13 200.00 20.00
1 2 14 200.00 20.00
1 2 15 200.00 20.00
1 2 16 200.00 20.00
1 2 17 200.00 20.00
1 2 18 200.00 20.00
2 1 1 200.00 20.00
2 1 2 200.00 20.00
2 1 3 200.00 20.00
2 1 4 200.00 20.00
2 1 5 200.00 20.00
2 1 6 200.00 20.00
2 1 7 200.00 20.00
2 1 8 200.00 20.00
2 1 9 200.00 20.00
2 1 10 200.00 20.00
2 1 11 200.00 20.00
2 1 12 200.00 20.00
2 1 13 200.00 20.00
2 1 14 200.00 20.00
2 1 15 200.00 20.00
2 1 16 200.00 20.00
2 1 17 200.00 20.00
2 1 18 200.00 20.00
2 2 1 200.00 20.00
2 2 2 200.00 20.00
2 2 3 200.00 20.00
2 2 4 200.00 20.00
2 2 5 200.00 20.00
2 2 6 200.00 20.00
2 2 7 200.00 20.00
2 2 8 200.00 20.00
2 2 9 200.00 20.00
2 2 10 200.00 20.00
2 2 11 200.00 20.00
2 2 12 200.00 20.00
2 2 13 200.00 20.00
2 2 14 200.00 20.00
2 2 15 200.00 20.00
2 2 16 200.00 20.00
2 2 17 200.00 20.00
2 2 18 200.00 20.00
3 1 1 165.89 63.88
3 1 2 144.19 76.96
3 1 3 21.50 268.53
3 1 4 200.23 117.67
3 1 5 200.00 20.00
3 1 6 146.92 36.74
3 1 7 191.411 45.436
3 1 8 202.50 44.00
3 1 9 181.40 52.64
3 1 10 154.31 37.13
3 1 11 204.45 63.26
3 1 12 263.40 91.73
3 1 13 200.00 20.00
3 1 14 171.43 46.84
3 1 15 211.934 68.763
3 1 16 145.53 36.35
3 1 17 169.66 47.45
3 1 18 500.00 50.00
3 2 1 500.00 50.00
3 2 2 175.93 59.21
3 2 3 144.605 41.784
3 2 4 139.721 33.653
3 2 5 254.23 99.39
3 2 6 500.00 50.00
3 2 7 197.333 59.012
3 2 8 253.15 90.57
3 2 9 269.64 113.34
3 2 10 194.31 62.43
3 2 11 282.31 105.36
3 2 12 185.35 60.01
3 2 13 152.777 50.937
3 2 14 500.00 50.00
3 2 15 199.537 92.681
3 2 16 316.38 137.69
3 2 17 198.06 66.96
3 2 18 199.42 68.17
4 1 1 200.00 20.00
4 1 2 200.00 20.00
4 1 3 200.00 20.00
4 1 4 200.00 20.00
4 1 5 200.00 20.00
4 1 6 200.00 20.00
4 1 7 200.00 20.00
4 1 8 200.00 20.00
4 1 9 200.00 20.00
4 1 10 200.00 20.00
4 1 11 200.00 20.00
4 1 12 200.00 20.00
4 1 13 200.00 20.00
4 1 14 200.00 20.00
4 1 15 200.00 20.00
4 1 16 200.00 20.00
4 1 17 200.00 20.00
4 1 18 200.00 20.00
4 2 1 200.00 20.00
4 2 2 200.00 20.00
4 2 3 200.00 20.00
4 2 4 200.00 20.00
4 2 5 200.00 20.00
4 2 6 200.00 20.00
4 2 7 200.00 20.00
4 2 8 200.00 20.00
4 2 9 200.00 20.00
4 2 10 200.00 20.00
4 2 11 200.00 20.00
4 2 12 200.00 20.00
4 2 13 200.00 20.00
4 2 14 200.00 20.00
4 2 15 200.00 20.00
4 2 16 200.00 20.00
4 2 17 200.00 20.00
4 2 18 200.00 20.00
5 1 1 171.244 121.471
5 1 2 159.66 90.00
5 1 3 217.29 103.45
5 1 4 234.68 95.03
5 1 5 500.00 50.00
5 1 6 249.129 84.717
5 1 7 181.03 51.08
5 1 8 211.77 68.94
5 1 9 177.86 53.96
5 1 10 268.36 95.09
5 1 11 278.67 120.70
5 1 12 500.00 50.00
5 1 13 237.992 73.097
5 1 14 181.91 54.51
5 1 15 228.316 75.856
5 1 16 210.67 68.39
5 1 17 209.058 79.162
5 1 18 244.518 110.646
5 2 1 229.53 84.37
5 2 2 216.077 68.002
5 2 3 189.62 60.21
5 2 4 161.43 36.87
5 2 5 190.644 51.219
5 2 6 212.24 66.39
5 2 7 222.50 47.32
5 2 8 162.789 38.009
5 2 9 240.526 77.187
5 2 10 210.52 71.94
5 2 11 200.00 20.00
5 2 12 200.00 20.00
5 2 13 184.02 59.59
5 2 14 234.415 89.609
5 2 15 205.72 64.52
5 2 16 207.947 64.146
5 2 17 239.210 83.891
5 2 18 500.00 50.00
6 1 1 200.00 20.00
6 1 2 200.00 20.00
6 1 3 200.00 20.00
6 1 4 200.00 20.00
6 1 5 200.00 20.00
6 1 6 200.00 20.00
6 1 7 200.00 20.00
6 1 8 200.00 20.00
6 1 9 200.00 20.00
6 1 10 200.00 20.00
6 1 11 200.00 20.00
6 1 12 200.00 20.00
6 1 13 200.00 20.00
6 1 14 200.00 20.00
6 1 15 200.00 20.00
6 1 16 200.00 20.00
6 1 17 200.00 20.00
6 1 18 200.00 20.00
6 2 1 200.00 20.00
6 2 2 200.00 20.00
6 2 3 200.00 20.00
6 2 4 200.00 20.00
6 2 5 200.00 20.00
6 2 6 200.00 20.00
6 2 7 200.00 20.00
6 2 8 200.00 20.00
6 2 9 200.00 20.00
6 2 10 200.00 20.00
6 2 11 200.00 20.00
6 2 12 200.00 20.00
6 2 13 200.00 20.00
6 2 14 200.00 20.00
6 2 15 200.00 20.00
6 2 16 200.00 20.00
6 2 17 200.00 20.00
6 2 18 200.00 20.00
