1 0 1 200.00 20.00 
1 0 2 200.00 20.00 
1 0 3 200.00 20.00 
1 0 4 200.00 20.00 
1 0 5 200.00 20.00 
1 0 6 200.00 20.00 
1 0 7 200.00 20.00 
1 0 8 200.00 20.00 
1 0 9 200.00 20.00 
1 0 10 200.00 20.00 
1 0 11 200.00 20.00 
1 0 12 200.00 20.00 
1 0 13 200.00 20.00 
1 0 14 200.00 20.00 
1 0 15 200.00 20.00 
1 0 16 200.00 20.00 
1 0 17 200.00 20.00 
1 0 18 200.00 20.00 
1 1 1 200.00 20.00 
1 1 2 200.00 20.00 
1 1 3 200.00 20.00 
1 1 4 200.00 20.00 
1 1 5 200.00 20.00 
1 1 6 200.00 20.00 
1 1 7 200.00 20.00 
1 1 8 200.00 20.00 
1 1 9 200.00 20.00 
1 1 10 200.00 20.00 
1 1 11 200.00 20.00 
1 1 12 200.00 20.00 
1 1 13 200.00 20.00 
1 1 14 200.00 20.00 
1 1 15 200.00 20.00 
1 1 16 200.00 20.00 
1 1 17 200.00 20.00 
1 1 18 200.00 20.00 
2 0 1 200.00 20.00 
2 0 2 200.00 20.00 
2 0 3 200.00 20.00 
2 0 4 200.00 20.00 
2 0 5 200.00 20.00 
2 0 6 200.00 20.00 
2 0 7 200.00 20.00 
2 0 8 200.00 20.00 
2 0 9 200.00 20.00 
2 0 10 200.00 20.00 
2 0 11 200.00 20.00 
2 0 12 200.00 20.00 
2 0 13 200.00 20.00 
2 0 14 200.00 20.00 
2 0 15 200.00 20.00 
2 0 16 200.00 20.00 
2 0 17 200.00 20.00 
2 0 18 200.00 20.00 
2 1 1 200.00 20.00 
2 1 2 200.00 20.00 
2 1 3 200.00 20.00 
2 1 4 200.00 20.00 
2 1 5 200.00 20.00 
2 1 6 200.00 20.00 
2 1 7 200.00 20.00 
2 1 8 200.00 20.00 
2 1 9 200.00 20.00 
2 1 10 200.00 20.00 
2 1 11 200.00 20.00 
2 1 12 200.00 20.00 
2 1 13 200.00 20.00 
2 1 14 200.00 20.00 
2 1 15 200.00 20.00 
2 1 16 200.00 20.00 
2 1 17 200.00 20.00 
2 1 18 200.00 20.00 
3 0 1 168.27 69.43 
3 0 2 141.17 66.56 
3 0 3 113.881 44.603 
3 0 4 203.98 115.39 
3 0 5 200.00 20.00 
3 0 6 143.71 36.36 
3 0 7 196.215 48.569 
3 0 8 241.55 82.32 
3 0 9 181.46 53.80 
3 0 10 157.35 39.11 
3 0 11 204.07 66.84 
3 0 12 222.50 47.39 
3 0 13 235.611 77.215 
3 0 14 169.22 45.34 
3 0 15 251.08 94.03 
3 0 16 145.40 35.18 
3 0 17 167.71 48.66 
3 0 18 500.00 50.00 
3 1 1 177.174 58.145 
3 1 2 175.45 57.78 
3 1 3 152.30 53.68 
3 1 4 134.710 33.196 
3 1 5 253.68 103.08 
3 1 6 500.00 50.00 
3 1 7 208.492 71.300 
3 1 8 251.85 89.63 
3 1 9 213.433 68.547 
3 1 10 192.65 65.11 
3 1 11 284.00 100.31 
3 1 12 180.44 55.38 
3 1 13 146.169 49.938 
3 1 14 240.29 93.78 
3 1 15 194.114 92.332 
3 1 16 316.49 133.65 
3 1 17 198.19 72.39 
3 1 18 190.51 64.51 
4 0 1 200.00 20.00 
4 0 2 200.00 20.00 
4 0 3 200.00 20.00 
4 0 4 200.00 20.00 
4 0 5 200.00 20.00 
4 0 6 200.00 20.00 
4 0 7 200.00 20.00 
4 0 8 200.00 20.00 
4 0 9 200.00 20.00 
4 0 10 200.00 20.00 
4 0 11 200.00 20.00 
4 0 12 200.00 20.00 
4 0 13 200.00 20.00 
4 0 14 200.00 20.00 
4 0 15 200.00 20.00 
4 0 16 200.00 20.00 
4 0 17 200.00 20.00 
4 0 18 200.00 20.00 
4 1 1 200.00 20.00 
4 1 2 200.00 20.00 
4 1 3 200.00 20.00 
4 1 4 200.00 20.00 
4 1 5 200.00 20.00 
4 1 6 200.00 20.00 
4 1 7 200.00 20.00 
4 1 8 200.00 20.00 
4 1 9 200.00 20.00 
4 1 10 200.00 20.00 
4 1 11 200.00 20.00 
4 1 12 200.00 20.00 
4 1 13 200.00 20.00 
4 1 14 200.00 20.00 
4 1 15 200.00 20.00 
4 1 16 200.00 20.00 
4 1 17 200.00 20.00 
4 1 18 200.00 20.00 
5 0 1 165.499 118.951 
5 0 2 154.66 90.45 
5 0 3 221.82 93.42 
5 0 4 233.19 89.92 
5 0 5 278.865 133.360 
5 0 6 282.27 109.31 
5 0 7 179.23 48.30 
5 0 8 208.87 64.69 
5 0 9 176.58 51.70 
5 0 10 242.40 88.21 
5 0 11 268.58 106.75 
5 0 12 500.00 50.00 
5 0 13 239.009 76.810 
5 0 14 187.59 61.56 
5 0 15 315.55 129.78 
5 0 16 208.34 70.74 
5 0 17 215.801 105.253 
5 0 18 277.99 176.18 
5 1 1 227.19 78.58 
5 1 2 206.384 59.953 
5 1 3 189.37 58.34 
5 1 4 160.10 38.26 
5 1 5 239.82 86.38 
5 1 6 207.52 62.90 
5 1 7 266.36 103.72 
5 1 8 162.50 30.90 
5 1 9 257.703 107.466 
5 1 10 218.45 66.75 
5 1 11 200.00 20.00 
5 1 12 200.00 20.00 
5 1 13 183.21 56.38 
5 1 14 230.827 79.533 
5 1 15 201.90 62.06 
5 1 16 237.86 83.17 
5 1 17 321.95 156.21 
5 1 18 186.950 76.172 
6 0 1 200.00 20.00 
6 0 2 200.00 20.00 
6 0 3 200.00 20.00 
6 0 4 200.00 20.00 
6 0 5 200.00 20.00 
6 0 6 200.00 20.00 
6 0 7 200.00 20.00 
6 0 8 200.00 20.00 
6 0 9 200.00 20.00 
6 0 10 200.00 20.00 
6 0 11 200.00 20.00 
6 0 12 200.00 20.00 
6 0 13 200.00 20.00 
6 0 14 200.00 20.00 
6 0 15 200.00 20.00 
6 0 16 200.00 20.00 
6 0 17 200.00 20.00 
6 0 18 200.00 20.00 
6 1 1 200.00 20.00 
6 1 2 200.00 20.00 
6 1 3 200.00 20.00 
6 1 4 200.00 20.00 
6 1 5 200.00 20.00 
6 1 6 200.00 20.00 
6 1 7 200.00 20.00 
6 1 8 200.00 20.00 
6 1 9 200.00 20.00 
6 1 10 200.00 20.00 
6 1 11 200.00 20.00 
6 1 12 200.00 20.00 
6 1 13 200.00 20.00 
6 1 14 200.00 20.00 
6 1 15 200.00 20.00 
6 1 16 200.00 20.00 
6 1 17 200.00 20.00 
6 1 18 200.00 20.00 
