1 1 1 200.00 20.00
1 1 2 200.00 20.00
1 1 3 200.00 20.00
1 1 4 200.00 20.00
1 1 5 200.00 20.00
1 1 6 200.00 20.00
1 1 7 200.00 20.00
1 1 8 200.00 20.00
1 1 9 200.00 20.00
1 1 10 200.00 20.00
1 1 11 200.00 20.00
1 1 12 200.00 20.00
1 1 13 200.00 20.00
1 1 14 200.00 20.00
1 1 15 200.00 20.00
1 1 16 200.00 20.00
1 1 17 200.00 20.00
1 1 18 200.00 20.00
1 2 1 200.00 20.00
1 2 2 200.00 20.00
1 2 3 200.00 20.00
1 2 4 200.00 20.00
1 2 5 200.00 20.00
1 2 6 200.00 20.00
1 2 7 200.00 20.00
1 2 8 200.00 20.00
1 2 9 200.00 20.00
1 2 10 200.00 20.00
1 2 11 200.00 20.00
1 2 12 200.00 20.00
1 2 13 200.00 20.00
1 2 14 200.00 20.00
1 2 15 200.00 20.00
1 2 16 200.00 20.00
1 2 17 200.00 20.00
1 2 18 200.00 20.00
2 1 1 200.00 20.00
2 1 2 200.00 20.00
2 1 3 200.00 20.00
2 1 4 200.00 20.00
2 1 5 200.00 20.00
2 1 6 200.00 20.00
2 1 7 200.00 20.00
2 1 8 200.00 20.00
2 1 9 200.00 20.00
2 1 10 200.00 20.00
2 1 11 200.00 20.00
2 1 12 200.00 20.00
2 1 13 200.00 20.00
2 1 14 200.00 20.00
2 1 15 200.00 20.00
2 1 16 200.00 20.00
2 1 17 200.00 20.00
2 1 18 200.00 20.00
2 2 1 200.00 20.00
2 2 2 200.00 20.00
2 2 3 200.00 20.00
2 2 4 200.00 20.00
2 2 5 200.00 20.00
2 2 6 200.00 20.00
2 2 7 200.00 20.00
2 2 8 200.00 20.00
2 2 9 200.00 20.00
2 2 10 200.00 20.00
2 2 11 200.00 20.00
2 2 12 200.00 20.00
2 2 13 200.00 20.00
2 2 14 200.00 20.00
2 2 15 200.00 20.00
2 2 16 200.00 20.00
2 2 17 200.00 20.00
2 2 18 200.00 20.00
3 1 1 180.38 79.20
3 1 2 137.911 45.100
3 1 3 101.381 32.429
3 1 4 161.531 146.721
3 1 5 200.00 20.00
3 1 6 151.46 41.02
3 1 7 222.163 66.216
3 1 8 239.48 89.28
3 1 9 187.22 54.78
3 1 10 154.88 38.18
3 1 11 200.13 65.40
3 1 12 222.44 72.21
3 1 13 287.204 105.405
3 1 14 182.96 54.05
3 1 15 245.59 85.63
3 1 16 159.59 40.20
3 1 17 183.52 61.52
3 1 18 129.27 21.65
3 2 1 143.282 40.888
3 2 2 182.93 60.94
3 2 3 156.65 51.90
3 2 4 150.66 41.66
3 2 5 218.01 76.40
3 2 6 335.34 150.38
3 2 7 500.00 159.27
3 2 8 221.64 72.74
3 2 9 230.80 86.27
3 2 10 192.78 63.60
3 2 11 226.01 72.95
3 2 12 192.00 56.51
3 2 13 131.129 34.133
3 2 14 146.56 39.84
3 2 15 500.00 391.67
3 2 16 238.44 86.59
3 2 17 198.31 71.80
3 2 18 196.59 64.15
4 1 1 200.00 20.00
4 1 2 200.00 20.00
4 1 3 200.00 20.00
4 1 4 200.00 20.00
4 1 5 200.00 20.00
4 1 6 200.00 20.00
4 1 7 200.00 20.00
4 1 8 200.00 20.00
4 1 9 200.00 20.00
4 1 10 200.00 20.00
4 1 11 200.00 20.00
4 1 12 200.00 20.00
4 1 13 200.00 20.00
4 1 14 200.00 20.00
4 1 15 200.00 20.00
4 1 16 200.00 20.00
4 1 17 200.00 20.00
4 1 18 200.00 20.00
4 2 1 200.00 20.00
4 2 2 200.00 20.00
4 2 3 200.00 20.00
4 2 4 200.00 20.00
4 2 5 200.00 20.00
4 2 6 200.00 20.00
4 2 7 200.00 20.00
4 2 8 200.00 20.00
4 2 9 200.00 20.00
4 2 10 200.00 20.00
4 2 11 200.00 20.00
4 2 12 200.00 20.00
4 2 13 200.00 20.00
4 2 14 200.00 20.00
4 2 15 200.00 20.00
4 2 16 200.00 20.00
4 2 17 200.00 20.00
4 2 18 200.00 20.00
5 1 1 198.22 135.11
5 1 2 169.70 108.04
5 1 3 213.79 84.55
5 1 4 212.31 77.74
5 1 5 192.724 83.730
5 1 6 248.75 90.07
5 1 7 188.76 54.20
5 1 8 203.32 61.53
5 1 9 182.58 54.28
5 1 10 207.34 62.36
5 1 11 223.92 77.31
5 1 12 245.99 92.25
5 1 13 249.008 85.688
5 1 14 189.70 57.04
5 1 15 242.933 82.792
5 1 16 204.65 67.44
5 1 17 238.035 134.621
5 1 18 258.387 154.015
5 2 1 211.60 73.35
5 2 2 238.264 79.272
5 2 3 189.34 59.23
5 2 4 170.47 42.97
5 2 5 205.683 59.041
5 2 6 208.29 64.15
5 2 7 254.65 86.90
5 2 8 193.84 57.82
5 2 9 269.997 96.542
5 2 10 212.45 66.02
5 2 11 200.00 20.00
5 2 12 200.00 20.00
5 2 13 189.24 61.93
5 2 14 253.903 87.919
5 2 15 204.33 64.87
5 2 16 243.01 86.88
5 2 17 304.35 120.80
5 2 18 500.00 231.07
6 1 1 200.00 20.00
6 1 2 200.00 20.00
6 1 3 200.00 20.00
6 1 4 200.00 20.00
6 1 5 200.00 20.00
6 1 6 200.00 20.00
6 1 7 200.00 20.00
6 1 8 200.00 20.00
6 1 9 200.00 20.00
6 1 10 200.00 20.00
6 1 11 200.00 20.00
6 1 12 200.00 20.00
6 1 13 200.00 20.00
6 1 14 200.00 20.00
6 1 15 200.00 20.00
6 1 16 200.00 20.00
6 1 17 200.00 20.00
6 1 18 200.00 20.00
6 2 1 200.00 20.00
6 2 2 200.00 20.00
6 2 3 200.00 20.00
6 2 4 200.00 20.00
6 2 5 200.00 20.00
6 2 6 200.00 20.00
6 2 7 200.00 20.00
6 2 8 200.00 20.00
6 2 9 200.00 20.00
6 2 10 200.00 20.00
6 2 11 200.00 20.00
6 2 12 200.00 20.00
6 2 13 200.00 20.00
6 2 14 200.00 20.00
6 2 15 200.00 20.00
6 2 16 200.00 20.00
6 2 17 200.00 20.00
6 2 18 200.00 20.00
