1 0 1 200.00 20.00 
1 0 2 200.00 20.00 
1 0 3 200.00 20.00 
1 0 4 200.00 20.00 
1 0 5 200.00 20.00 
1 0 6 200.00 20.00 
1 0 7 200.00 20.00 
1 0 8 200.00 20.00 
1 0 9 200.00 20.00 
1 0 10 200.00 20.00 
1 0 11 200.00 20.00 
1 0 12 200.00 20.00 
1 0 13 200.00 20.00 
1 0 14 200.00 20.00 
1 0 15 200.00 20.00 
1 0 16 200.00 20.00 
1 0 17 200.00 20.00 
1 0 18 200.00 20.00 
1 1 1 200.00 20.00 
1 1 2 200.00 20.00 
1 1 3 200.00 20.00 
1 1 4 200.00 20.00 
1 1 5 200.00 20.00 
1 1 6 200.00 20.00 
1 1 7 200.00 20.00 
1 1 8 200.00 20.00 
1 1 9 200.00 20.00 
1 1 10 200.00 20.00 
1 1 11 200.00 20.00 
1 1 12 200.00 20.00 
1 1 13 200.00 20.00 
1 1 14 200.00 20.00 
1 1 15 200.00 20.00 
1 1 16 200.00 20.00 
1 1 17 200.00 20.00 
1 1 18 200.00 20.00 
2 0 1 200.00 20.00 
2 0 2 200.00 20.00 
2 0 3 200.00 20.00 
2 0 4 200.00 20.00 
2 0 5 200.00 20.00 
2 0 6 200.00 20.00 
2 0 7 200.00 20.00 
2 0 8 200.00 20.00 
2 0 9 200.00 20.00 
2 0 10 200.00 20.00 
2 0 11 200.00 20.00 
2 0 12 200.00 20.00 
2 0 13 200.00 20.00 
2 0 14 200.00 20.00 
2 0 15 200.00 20.00 
2 0 16 200.00 20.00 
2 0 17 200.00 20.00 
2 0 18 200.00 20.00 
2 1 1 200.00 20.00 
2 1 2 200.00 20.00 
2 1 3 200.00 20.00 
2 1 4 200.00 20.00 
2 1 5 200.00 20.00 
2 1 6 200.00 20.00 
2 1 7 200.00 20.00 
2 1 8 200.00 20.00 
2 1 9 200.00 20.00 
2 1 10 200.00 20.00 
2 1 11 200.00 20.00 
2 1 12 200.00 20.00 
2 1 13 200.00 20.00 
2 1 14 200.00 20.00 
2 1 15 200.00 20.00 
2 1 16 200.00 20.00 
2 1 17 200.00 20.00 
2 1 18 200.00 20.00 
3 0 1 182.20 76.38 
3 0 2 161.051 60.181 
3 0 3 94.899 28.398 
3 0 4 210.924 93.159 
3 0 5 200.00 20.00 
3 0 6 151.92 40.78 
3 0 7 214.155 64.562 
3 0 8 204.985 60.159 
3 0 9 157.902 37.584 
3 0 10 157.80 41.33 
3 0 11 186.019 50.225 
3 0 12 198.213 54.835 
3 0 13 255.826 84.751 
3 0 14 157.883 36.157 
3 0 15 216.337 67.546 
3 0 16 160.45 44.18 
3 0 17 164.206 43.388 
3 0 18 136.05 25.98 
3 1 1 146.344 45.78 
3 1 2 175.603 53.117 
3 1 3 148.74 41.515 
3 1 4 144.394 38.522 
3 1 5 192.563 55.875 
3 1 6 308.469 114.902 
3 1 7 221.91 73.049 
3 1 8 204.275 58.61 
3 1 9 210.889 69.107 
3 1 10 186.813 53.687 
3 1 11 227.47 74.11 
3 1 12 177.231 49.077 
3 1 13 140.837 43.746 
3 1 14 143.339 36.34 
3 1 15 213.14 119.48 
3 1 16 203.040 62.115 
3 1 17 174.796 51.943 
3 1 18 196.534 61.831 
4 0 1 200.00 20.00 
4 0 2 200.00 20.00 
4 0 3 200.00 20.00 
4 0 4 200.00 20.00 
4 0 5 200.00 20.00 
4 0 6 200.00 20.00 
4 0 7 200.00 20.00 
4 0 8 200.00 20.00 
4 0 9 200.00 20.00 
4 0 10 200.00 20.00 
4 0 11 200.00 20.00 
4 0 12 200.00 20.00 
4 0 13 200.00 20.00 
4 0 14 200.00 20.00 
4 0 15 200.00 20.00 
4 0 16 200.00 20.00 
4 0 17 200.00 20.00 
4 0 18 200.00 20.00 
4 1 1 200.00 20.00 
4 1 2 200.00 20.00 
4 1 3 200.00 20.00 
4 1 4 200.00 20.00 
4 1 5 200.00 20.00 
4 1 6 200.00 20.00 
4 1 7 200.00 20.00 
4 1 8 200.00 20.00 
4 1 9 200.00 20.00 
4 1 10 200.00 20.00 
4 1 11 200.00 20.00 
4 1 12 200.00 20.00 
4 1 13 200.00 20.00 
4 1 14 200.00 20.00 
4 1 15 200.00 20.00 
4 1 16 200.00 20.00 
4 1 17 200.00 20.00 
4 1 18 200.00 20.00 
5 0 1 181.588 131.756 
5 0 2 170.382 82.3 
5 0 3 195.664 68.824 
5 0 4 203.129 66.03 
5 0 5 188.769 78.882 
5 0 6 222.097 68.674 
5 0 7 187.53 53.01 
5 0 8 178.848 46.432 
5 0 9 185.178 55.281 
5 0 10 161.47 50.514 
5 0 11 206.475 59.254 
5 0 12 215.962 68.152 
5 0 13 249.917 81.093 
5 0 14 172.446 45.748 
5 0 15 267.327 94.051 
5 0 16 201.59 63.79 
5 0 17 243.14 135.794 
5 0 18 193.759 187.291 
5 1 1 199.64 60.780 
5 1 2 229.387 74.482 
5 1 3 181.764 51745 
5 1 4 161.214 34.869 
5 1 5 212.908 64.452 
5 1 6 205.74 61.938 
5 1 7 240.992 77.688 
5 1 8 174.07 43.154 
5 1 9 240.359 76.63 
5 1 10 195.553 54.38 
5 1 11 200.00 20.00 
5 1 12 200.00 20.00 
5 1 13 174.014 47.634 
5 1 14 250.498 81.882 
5 1 15 203.41 63.86 
5 1 16 226.413 72.287 
5 1 17 259.411 95.031 
5 1 18 500.00 50.00 
6 0 1 200.00 20.00 
6 0 2 200.00 20.00 
6 0 3 200.00 20.00 
6 0 4 200.00 20.00 
6 0 5 200.00 20.00 
6 0 6 200.00 20.00 
6 0 7 200.00 20.00 
6 0 8 200.00 20.00 
6 0 9 200.00 20.00 
6 0 10 200.00 20.00 
6 0 11 200.00 20.00 
6 0 12 200.00 20.00 
6 0 13 200.00 20.00 
6 0 14 200.00 20.00 
6 0 15 200.00 20.00 
6 0 16 200.00 20.00 
6 0 17 200.00 20.00 
6 0 18 200.00 20.00 
6 1 1 200.00 20.00 
6 1 2 200.00 20.00 
6 1 3 200.00 20.00 
6 1 4 200.00 20.00 
6 1 5 200.00 20.00 
6 1 6 200.00 20.00 
6 1 7 200.00 20.00 
6 1 8 200.00 20.00 
6 1 9 200.00 20.00 
6 1 10 200.00 20.00 
6 1 11 200.00 20.00 
6 1 12 200.00 20.00 
6 1 13 200.00 20.00 
6 1 14 200.00 20.00 
6 1 15 200.00 20.00 
6 1 16 200.00 20.00 
6 1 17 200.00 20.00 
6 1 18 200.00 20.00 
