1 1 1 200.00 20.00
1 1 2 200.00 20.00
1 1 3 200.00 20.00
1 1 4 200.00 20.00
1 1 5 200.00 20.00
1 1 6 200.00 20.00
1 1 7 200.00 20.00
1 1 8 200.00 20.00
1 1 9 200.00 20.00
1 1 10 200.00 20.00
1 1 11 200.00 20.00
1 1 12 200.00 20.00
1 1 13 200.00 20.00
1 1 14 200.00 20.00
1 1 15 200.00 20.00
1 1 16 200.00 20.00
1 1 17 200.00 20.00
1 1 18 200.00 20.00
1 2 1 200.00 20.00
1 2 2 200.00 20.00
1 2 3 200.00 20.00
1 2 4 200.00 20.00
1 2 5 200.00 20.00
1 2 6 200.00 20.00
1 2 7 200.00 20.00
1 2 8 200.00 20.00
1 2 9 200.00 20.00
1 2 10 200.00 20.00
1 2 11 200.00 20.00
1 2 12 200.00 20.00
1 2 13 200.00 20.00
1 2 14 200.00 20.00
1 2 15 200.00 20.00
1 2 16 200.00 20.00
1 2 17 200.00 20.00
1 2 18 200.00 20.00
2 1 1 200.00 20.00
2 1 2 200.00 20.00
2 1 3 200.00 20.00
2 1 4 200.00 20.00
2 1 5 200.00 20.00
2 1 6 200.00 20.00
2 1 7 200.00 20.00
2 1 8 200.00 20.00
2 1 9 193.88 21.63
2 1 10 200.00 20.00
2 1 11 200.00 20.00
2 1 12 200.00 20.00
2 1 13 200.00 20.00
2 1 14 200.00 20.00
2 1 15 200.00 20.00
2 1 16 200.00 20.00
2 1 17 200.00 20.00
2 1 18 200.00 20.00
2 2 1 200.00 20.00
2 2 2 200.00 20.00
2 2 3 200.00 20.00
2 2 4 200.00 20.00
2 2 5 200.00 20.00
2 2 6 200.00 20.00
2 2 7 200.00 20.00
2 2 8 200.00 20.00
2 2 9 200.00 20.00
2 2 10 200.00 20.00
2 2 11 200.00 20.00
2 2 12 200.00 20.00
2 2 13 200.00 20.00
2 2 14 200.00 20.00
2 2 15 200.00 20.00
2 2 16 200.00 20.00
2 2 17 200.00 20.00
2 2 18 200.00 20.00
3 1 1 185.86 81.40
3 1 2 165.235 63.050
3 1 3 93.680 27.362
3 1 4 195.182 123.203
3 1 5 200.00 20.00
3 1 6 150.14 38.15
3 1 7 208.377 53.847
3 1 8 243.31 89.49
3 1 9 187.36 55.81
3 1 10 154.94 37.46
3 1 11 206.92 64.92
3 1 12 223.85 72.30
3 1 13 302.420 113.028
3 1 14 185.57 55.00
3 1 15 245.934 81.904
3 1 16 160.58 40.14
3 1 17 183.33 53.90
3 1 18 139.96 31.93
3 2 1 143.759 42.041
3 2 2 179.72 60.62
3 2 3 155.35 53.25
3 2 4 150.74 46.96
3 2 5 220.73 79.44
3 2 6 323.190 122.644
3 2 7 187.317 48.788
3 2 8 220.99 71.82
3 2 9 212.523 68.122
3 2 10 190.56 60.27
3 2 11 224.63 75.76
3 2 12 187.33 61.66
3 2 13 137.995 40.045
3 2 14 143.796 34.704
3 2 15 164.812 60.416
3 2 16 220.837 70.445
3 2 17 201.622 66.494
3 2 18 191.098 57.452
4 1 1 200.00 20.00
4 1 2 200.00 20.00
4 1 3 200.00 20.00
4 1 4 200.00 20.00
4 1 5 200.00 20.00
4 1 6 200.00 20.00
4 1 7 200.00 20.00
4 1 8 200.00 20.00
4 1 9 200.00 20.00
4 1 10 200.00 20.00
4 1 11 200.00 20.00
4 1 12 200.00 20.00
4 1 13 200.00 20.00
4 1 14 200.00 20.00
4 1 15 200.00 20.00
4 1 16 200.00 20.00
4 1 17 200.00 20.00
4 1 18 200.00 20.00
4 2 1 200.00 20.00
4 2 2 200.00 20.00
4 2 3 200.00 20.00
4 2 4 200.00 20.00
4 2 5 200.00 20.00
4 2 6 200.00 20.00
4 2 7 200.00 20.00
4 2 8 200.00 20.00
4 2 9 200.00 20.00
4 2 10 200.00 20.00
4 2 11 200.00 20.00
4 2 12 200.00 20.00
4 2 13 200.00 20.00
4 2 14 200.00 20.00
4 2 15 200.00 20.00
4 2 16 200.00 20.00
4 2 17 200.00 20.00
4 2 18 200.00 20.00
5 1 1 170.396 140.252
5 1 2 167.806 97.962
5 1 3 214.923 85.569
5 1 4 214.231 78.726
5 1 5 181.390 78.198
5 1 6 230.071 95.366
5 1 7 188.97 54.98
5 1 8 195.69 58.83
5 1 9 187.60 57.43
5 1 10 199.65 59.09
5 1 11 222.61 76.23
5 1 12 210.056 97.168
5 1 13 262.583 131.489
5 1 14 193.87 62.45
5 1 15 255.290 89.058
5 1 16 205.73 62.19
5 1 17 217.097 97.563
5 1 18 221.256 127.911
5 2 1 208.19 70.21
5 2 2 220.570 70.032
5 2 3 192.11 60.88
5 2 4 167.04 41.66
5 2 5 229.992 74.233
5 2 6 202.23 63.67
5 2 7 243.377 78.531
5 2 8 187.48 56.83
5 2 9 253.470 87.708
5 2 10 209.16 62.81
5 2 11 200.00 20.00
5 2 12 200.00 20.00
5 2 13 191.27 62.07
5 2 14 267.576 105.040
5 2 15 199.22 63.34
5 2 16 243.789 86.487
5 2 17 279.691 97.603
5 2 18 164.866 44.446
6 1 1 200.00 20.00
6 1 2 200.00 20.00
6 1 3 200.00 20.00
6 1 4 200.00 20.00
6 1 5 200.00 20.00
6 1 6 200.00 20.00
6 1 7 200.00 20.00
6 1 8 200.00 20.00
6 1 9 200.00 20.00
6 1 10 200.00 20.00
6 1 11 200.00 20.00
6 1 12 200.00 20.00
6 1 13 200.00 20.00
6 1 14 200.00 20.00
6 1 15 200.00 20.00
6 1 16 200.00 20.00
6 1 17 200.00 20.00
6 1 18 200.00 20.00
6 2 1 200.00 20.00
6 2 2 200.00 20.00
6 2 3 200.00 20.00
6 2 4 200.00 20.00
6 2 5 200.00 20.00
6 2 6 200.00 20.00
6 2 7 200.00 20.00
6 2 8 200.00 20.00
6 2 9 200.00 20.00
6 2 10 200.00 20.00
6 2 11 200.00 20.00
6 2 12 200.00 20.00
6 2 13 200.00 20.00
6 2 14 200.00 20.00
6 2 15 200.00 20.00
6 2 16 200.00 20.00
6 2 17 200.00 20.00
6 2 18 200.00 20.00
