1 1 1 200.00 20.00 
1 1 2 200.00 20.00 
1 1 3 200.00 20.00 
1 1 4 200.00 20.00 
1 1 5 200.00 20.00 
1 1 6 200.00 20.00 
1 1 7 200.00 20.00 
1 1 8 200.00 20.00 
1 1 9 200.00 20.00 
1 1 10 200.00 20.00 
1 1 11 200.00 20.00 
1 1 12 200.00 20.00 
1 1 13 200.00 20.00 
1 1 14 200.00 20.00 
1 1 15 200.00 20.00 
1 1 16 200.00 20.00 
1 1 17 200.00 20.00 
1 1 18 200.00 20.00 
1 2 1 200.00 20.00 
1 2 2 200.00 20.00 
1 2 3 200.00 20.00 
1 2 4 200.00 20.00 
1 2 5 200.00 20.00 
1 2 6 200.00 20.00 
1 2 7 200.00 20.00 
1 2 8 200.00 20.00 
1 2 9 200.00 20.00 
1 2 10 200.00 20.00 
1 2 11 200.00 20.00 
1 2 12 200.00 20.00 
1 2 13 200.00 20.00 
1 2 14 200.00 20.00 
1 2 15 200.00 20.00 
1 2 16 200.00 20.00 
1 2 17 200.00 20.00 
1 2 18 200.00 20.00 
2 1 1 200.00 20.00 
2 1 2 200.00 20.00 
2 1 3 200.00 20.00 
2 1 4 200.00 20.00 
2 1 5 200.00 20.00 
2 1 6 200.00 20.00 
2 1 7 200.00 20.00 
2 1 8 200.00 20.00 
2 1 9 187.46 21.98 
2 1 10 200.00 20.00 
2 1 11 200.00 20.00 
2 1 12 200.00 20.00 
2 1 13 200.00 20.00 
2 1 14 200.00 20.00 
2 1 15 200.00 20.00 
2 1 16 200.00 20.00 
2 1 17 200.00 20.00 
2 1 18 200.00 20.00 
2 2 1 200.00 20.00 
2 2 2 200.00 20.00 
2 2 3 200.00 20.00 
2 2 4 200.00 20.00 
2 2 5 200.00 20.00 
2 2 6 200.00 20.00 
2 2 7 200.00 20.00 
2 2 8 200.00 20.00 
2 2 9 200.00 20.00 
2 2 10 200.00 20.00 
2 2 11 200.00 20.00 
2 2 12 200.00 20.00 
2 2 13 200.00 20.00 
2 2 14 200.00 20.00 
2 2 15 200.00 20.00 
2 2 16 200.00 20.00 
2 2 17 200.00 20.00 
2 2 18 200.00 20.00 
3 1 1 194.66 87.60 
3 1 2 170.636 64.585 
3 1 3 124.172 41.146 
3 1 4 217.047 118.306 
3 1 5 200.00 20.00 
3 1 6 160.35 41.20 
3 1 7 218.367 56.487 
3 1 8 240.415 85.028 
3 1 9 203.85 62.99 
3 1 10 169.56 46.26 
3 1 11 198.030 57.985 
3 1 12 239.61 80.01 
3 1 13 283.249 101.897 
3 1 14 180.11 53.45 
3 1 15 244.158 87.983 
3 1 16 168.78 45.87 
3 1 17 190.72 63.37 
3 1 18 136.08 28.48 
3 2 1 163.151 57.949 
3 2 2 187.143 59.261 
3 2 3 164.301 51.134 
3 2 4 155.106 42.565 
3 2 5 215.916 66.787 
3 2 6 303.904 108.134 
3 2 7 217.983 66.971 
3 2 8 214.278 64.762 
3 2 9 209.212 102.685 
3 2 10 207.70 71.40 
3 2 11 232.55 78.31 
3 2 12 201.39 70.39 
3 2 13 150.166 49.885 
3 2 14 154.925 41.930 
3 2 15 500.00 50.00 
3 2 16 198.657 63.820 
3 2 17 172.704 51.248 
3 2 18 209.37 90.63 
4 1 1 200.00 20.00 
4 1 2 200.00 20.00 
4 1 3 200.00 20.00 
4 1 4 200.00 20.00 
4 1 5 200.00 20.00 
4 1 6 200.00 20.00 
4 1 7 200.00 20.00 
4 1 8 200.00 20.00 
4 1 9 200.00 20.00 
4 1 10 200.00 20.00 
4 1 11 200.00 20.00 
4 1 12 200.00 20.00 
4 1 13 200.00 20.00 
4 1 14 200.00 20.00 
4 1 15 200.00 20.00 
4 1 16 200.00 20.00 
4 1 17 200.00 20.00 
4 1 18 200.00 20.00 
4 2 1 200.00 20.00 
4 2 2 200.00 20.00 
4 2 3 200.00 20.00 
4 2 4 200.00 20.00 
4 2 5 200.00 20.00 
4 2 6 200.00 20.00 
4 2 7 200.00 20.00 
4 2 8 200.00 20.00 
4 2 9 200.00 20.00 
4 2 10 200.00 20.00 
4 2 11 200.00 20.00 
4 2 12 200.00 20.00 
4 2 13 200.00 20.00 
4 2 14 200.00 20.00 
4 2 15 200.00 20.00 
4 2 16 200.00 20.00 
4 2 17 200.00 20.00 
4 2 18 200.00 20.00 
5 1 1 185.287 113.291 
5 1 2 168.986 101.838 
5 1 3 204.219 67.198 
5 1 4 206.797 75.514 
5 1 5 183.303 87.134 
5 1 6 211.190 65.862 
5 1 7 193.97 55.05 
5 1 8 213.39 66.40 
5 1 9 194.69 58.27 
5 1 10 214.14 67.46 
5 1 11 228.96 75.98 
5 1 12 225.487 69.522 
5 1 13 235.982 79.627 
5 1 14 187.35 56.91 
5 1 15 248.353 85.326 
5 1 16 182.795 46.026 
5 1 17 218.828 124.242 
5 1 18 215.358 160.319 
5 2 1 210.02 73.06 
5 2 2 221.005 66.515 
5 2 3 199.36 60.98 
5 2 4 177.80 46.78 
5 2 5 222.964 66.046 
5 2 6 207.24 66.30 
5 2 7 237.223 73.400 
5 2 8 175.363 41.238 
5 2 9 255.660 90.183 
5 2 10 214.75 66.90 
5 2 11 200.00 20.00 
5 2 12 200.00 20.00 
5 2 13 192.00 62.06 
5 2 14 265.50 120.92 
5 2 15 202.95 61.06 
5 2 16 247.71 94.46 
5 2 17 303.80 135.95 
5 2 18 500.00 50.00 
6 1 1 200.00 20.00 
6 1 2 200.00 20.00 
6 1 3 200.00 20.00 
6 1 4 200.00 20.00 
6 1 5 200.00 20.00 
6 1 6 200.00 20.00 
6 1 7 200.00 20.00 
6 1 8 200.00 20.00 
6 1 9 200.00 20.00 
6 1 10 200.00 20.00 
6 1 11 200.00 20.00 
6 1 12 200.00 20.00 
6 1 13 200.00 20.00 
6 1 14 200.00 20.00 
6 1 15 200.00 20.00 
6 1 16 200.00 20.00 
6 1 17 200.00 20.00 
6 1 18 200.00 20.00 
6 2 1 200.00 20.00 
6 2 2 200.00 20.00 
6 2 3 200.00 20.00 
6 2 4 200.00 20.00 
6 2 5 200.00 20.00 
6 2 6 200.00 20.00 
6 2 7 200.00 20.00 
6 2 8 200.00 20.00 
6 2 9 200.00 20.00 
6 2 10 200.00 20.00 
6 2 11 200.00 20.00 
6 2 12 200.00 20.00 
6 2 13 200.00 20.00 
6 2 14 200.00 20.00 
6 2 15 200.00 20.00 
6 2 16 200.00 20.00 
6 2 17 200.00 20.00 
6 2 18 200.00 20.00 
