1 1 1 200.00 20.00
1 1 2 200.00 20.00
1 1 3 200.00 20.00
1 1 4 200.00 20.00
1 1 5 200.00 20.00
1 1 6 200.00 20.00
1 1 7 200.00 20.00
1 1 8 200.00 20.00
1 1 9 200.00 20.00
1 1 10 200.00 20.00
1 1 11 200.00 20.00
1 1 12 200.00 20.00
1 1 13 200.00 20.00
1 1 14 200.00 20.00
1 1 15 200.00 20.00
1 1 16 200.00 20.00
1 1 17 200.00 20.00
1 1 18 200.00 20.00
1 2 1 200.00 20.00
1 2 2 200.00 20.00
1 2 3 200.00 20.00
1 2 4 200.00 20.00
1 2 5 200.00 20.00
1 2 6 200.00 20.00
1 2 7 200.00 20.00
1 2 8 200.00 20.00
1 2 9 200.00 20.00
1 2 10 200.00 20.00
1 2 11 200.00 20.00
1 2 12 200.00 20.00
1 2 13 200.00 20.00
1 2 14 200.00 20.00
1 2 15 200.00 20.00
1 2 16 200.00 20.00
1 2 17 200.00 20.00
1 2 18 200.00 20.00
2 1 1 200.00 20.00
2 1 2 200.00 20.00
2 1 3 200.00 20.00
2 1 4 200.00 20.00
2 1 5 200.00 20.00
2 1 6 200.00 20.00
2 1 7 200.00 20.00
2 1 8 200.00 20.00
2 1 9 200.00 20.00
2 1 10 200.00 20.00
2 1 11 200.00 20.00
2 1 12 200.00 20.00
2 1 13 200.00 20.00
2 1 14 200.00 20.00
2 1 15 200.00 20.00
2 1 16 200.00 20.00
2 1 17 200.00 20.00
2 1 18 200.00 20.00
2 2 1 200.00 20.00
2 2 2 200.00 20.00
2 2 3 200.00 20.00
2 2 4 200.00 20.00
2 2 5 200.00 20.00
2 2 6 200.00 20.00
2 2 7 200.00 20.00
2 2 8 200.00 20.00
2 2 9 200.00 20.00
2 2 10 200.00 20.00
2 2 11 200.00 20.00
2 2 12 200.00 20.00
2 2 13 200.00 20.00
2 2 14 200.00 20.00
2 2 15 200.00 20.00
2 2 16 200.00 20.00
2 2 17 200.00 20.00
2 2 18 200.00 20.00
3 1 1 181.49 78.54
3 1 2 166.06 84.82
3 1 3 102.347 31.965
3 1 4 177.731 136.408
3 1 5 200.00 20.00
3 1 6 151.45 40.44
3 1 7 228.42 72.08
3 1 8 237.50 82.47
3 1 9 187.13 53.37
3 1 10 152.03 37.95
3 1 11 201.83 62.80
3 1 12 226.01 74.35
3 1 13 320.10 136.70
3 1 14 182.24 52.20
3 1 15 240.69 93.09
3 1 16 159.42 42.44
3 1 17 181.70 57.60
3 1 18 138.75 31.58
3 2 1 145.833 42.471
3 2 2 182.87 61.07
3 2 3 147.50 30.37
3 2 4 151.53 44.54
3 2 5 218.07 76.74
3 2 6 333.92 141.44
3 2 7 207.010 64.342
3 2 8 221.05 72.27
3 2 9 233.53 89.49
3 2 10 194.99 68.10
3 2 11 227.53 77.01
3 2 12 193.27 61.10
3 2 13 128.270 64.342
3 2 14 149.71 43.29
3 2 15 248.46 234.06
3 2 16 229.15 77.58
3 2 17 186.540 60.416
3 2 18 196.81 74.06
4 1 1 200.00 20.00
4 1 2 200.00 20.00
4 1 3 200.00 20.00
4 1 4 200.00 20.00
4 1 5 200.00 20.00
4 1 6 200.00 20.00
4 1 7 200.00 20.00
4 1 8 200.00 20.00
4 1 9 200.00 20.00
4 1 10 200.00 20.00
4 1 11 200.00 20.00
4 1 12 200.00 20.00
4 1 13 200.00 20.00
4 1 14 200.00 20.00
4 1 15 200.00 20.00
4 1 16 200.00 20.00
4 1 17 200.00 20.00
4 1 18 200.00 20.00
4 2 1 200.00 20.00
4 2 2 200.00 20.00
4 2 3 200.00 20.00
4 2 4 200.00 20.00
4 2 5 200.00 20.00
4 2 6 200.00 20.00
4 2 7 200.00 20.00
4 2 8 200.00 20.00
4 2 9 200.00 20.00
4 2 10 200.00 20.00
4 2 11 200.00 20.00
4 2 12 200.00 20.00
4 2 13 200.00 20.00
4 2 14 200.00 20.00
4 2 15 200.00 20.00
4 2 16 200.00 20.00
4 2 17 200.00 20.00
4 2 18 200.00 20.00
5 1 1 156.340 165.200
5 1 2 168.46 106.40
5 1 3 215.29 87.51
5 1 4 213.78 77.26
5 1 5 193.313 94.070
5 1 6 245.21 86.44
5 1 7 187.10 57.21
5 1 8 200.63 58.74
5 1 9 183.48 57.54
5 1 10 206.81 64.83
5 1 11 224.49 74.86
5 1 12 244.45 92.88
5 1 13 276.48 108.81
5 1 14 141.67 33.06
5 1 15 287.04 110.62
5 1 16 204.03 68.02
5 1 17 228.118 94.105
5 1 18 222.070 144.261
5 2 1 208.01 69.21
5 2 2 254.69 93.43
5 2 3 189.66 58.62
5 2 4 168.73 41.55
5 2 5 237.18 82.83
5 2 6 206.04 65.57
5 2 7 253.30 91.26
5 2 8 188.68 55.34
5 2 9 280.25 103.12
5 2 10 206.48 63.69
5 2 11 200.00 20.00
5 2 12 200.00 20.00
5 2 13 191.39 63.00
5 2 14 270.788 97.237
5 2 15 285.895 106.979
5 2 16 243.17 91.62
5 2 17 228.116 94.105
5 2 18 500.000 144.261
6 1 1 200.00 20.00
6 1 2 200.00 20.00
6 1 3 200.00 20.00
6 1 4 200.00 20.00
6 1 5 200.00 20.00
6 1 6 200.00 20.00
6 1 7 200.00 20.00
6 1 8 200.00 20.00
6 1 9 200.00 20.00
6 1 10 200.00 20.00
6 1 11 200.00 20.00
6 1 12 200.00 20.00
6 1 13 200.00 20.00
6 1 14 200.00 20.00
6 1 15 200.00 20.00
6 1 16 200.00 20.00
6 1 17 200.00 20.00
6 1 18 200.00 20.00
6 2 1 200.00 20.00
6 2 2 200.00 20.00
6 2 3 200.00 20.00
6 2 4 200.00 20.00
6 2 5 200.00 20.00
6 2 6 200.00 20.00
6 2 7 200.00 20.00
6 2 8 200.00 20.00
6 2 9 200.00 20.00
6 2 10 200.00 20.00
6 2 11 200.00 20.00
6 2 12 200.00 20.00
6 2 13 200.00 20.00
6 2 14 200.00 20.00
6 2 15 200.00 20.00
6 2 16 200.00 20.00
6 2 17 200.00 20.00
6 2 18 200.00 20.00
