1 1 1 200.00 20.00
1 1 2 200.00 20.00
1 1 3 200.00 20.00
1 1 4 200.00 20.00
1 1 5 200.00 20.00
1 1 6 200.00 20.00
1 1 7 200.00 20.00
1 1 8 200.00 20.00
1 1 9 200.00 20.00
1 1 10 200.00 20.00
1 1 11 200.00 20.00
1 1 12 200.00 20.00
1 1 13 200.00 20.00
1 1 14 200.00 20.00
1 1 15 200.00 20.00
1 1 16 200.00 20.00
1 1 17 200.00 20.00
1 1 18 200.00 20.00
1 2 1 200.00 20.00
1 2 2 200.00 20.00
1 2 3 200.00 20.00
1 2 4 200.00 20.00
1 2 5 200.00 20.00
1 2 6 200.00 20.00
1 2 7 200.00 20.00
1 2 8 200.00 20.00
1 2 9 200.00 20.00
1 2 10 200.00 20.00
1 2 11 200.00 20.00
1 2 12 200.00 20.00
1 2 13 200.00 20.00
1 2 14 200.00 20.00
1 2 15 200.00 20.00
1 2 16 200.00 20.00
1 2 17 200.00 20.00
1 2 18 200.00 20.00
2 1 1 200.00 20.00
2 1 2 200.00 20.00
2 1 3 200.00 20.00
2 1 4 200.00 20.00
2 1 5 200.00 20.00
2 1 6 200.00 20.00
2 1 7 200.00 20.00
2 1 8 200.00 20.00
2 1 9 200.00 20.00
2 1 10 200.00 20.00
2 1 11 200.00 20.00
2 1 12 200.00 20.00
2 1 13 200.00 20.00
2 1 14 200.00 20.00
2 1 15 200.00 20.00
2 1 16 200.00 20.00
2 1 17 200.00 20.00
2 1 18 200.00 20.00
2 2 1 200.00 20.00
2 2 2 200.00 20.00
2 2 3 200.00 20.00
2 2 4 200.00 20.00
2 2 5 200.00 20.00
2 2 6 200.00 20.00
2 2 7 200.00 20.00
2 2 8 200.00 20.00
2 2 9 200.00 20.00
2 2 10 200.00 20.00
2 2 11 200.00 20.00
2 2 12 200.00 20.00
2 2 13 200.00 20.00
2 2 14 200.00 20.00
2 2 15 200.00 20.00
2 2 16 200.00 20.00
2 2 17 200.00 20.00
2 2 18 200.00 20.00
3 1 1 185.49 77.20
3 1 2 173.734 72.494
3 1 3 106.972 39.195
3 1 4 203.951 118.367
3 1 5 200.00 20.00
3 1 6 154.16 40.82
3 1 7 175.96 31.99
3 1 8 242.30 85.04
3 1 9 189.77 58.66
3 1 10 137.58 24.06
3 1 11 208.44 67.88
3 1 12 227.16 69.40
3 1 13 287.773 110.948
3 1 14 182.78 52.81
3 1 15 239.081 92.731
3 1 16 161.92 44.14
3 1 17 185.78 54.29
3 1 18 137.82 33.16
3 2 1 151.248 45.240
3 2 2 181.09 61.07
3 2 3 158.16 53.99
3 2 4 152.46 47.77
3 2 5 217.42 78.71
3 2 6 334.16 148.56
3 2 7 241.222 83.725
3 2 8 224.95 72.29
3 2 9 228.59 82.02
3 2 10 192.95 62.77
3 2 11 224.35 74.32
3 2 12 191.22 57.62
3 2 13 143.185 43.177
3 2 14 155.68 49.80
3 2 15 187.342 92.686
3 2 16 229.75 78.82
3 2 17 191.91 63.87
3 2 18 199.46 76.50
4 1 1 200.00 20.00
4 1 2 200.00 20.00
4 1 3 200.00 20.00
4 1 4 200.00 20.00
4 1 5 200.00 20.00
4 1 6 200.00 20.00
4 1 7 200.00 20.00
4 1 8 200.00 20.00
4 1 9 200.00 20.00
4 1 10 200.00 20.00
4 1 11 200.00 20.00
4 1 12 200.00 20.00
4 1 13 200.00 20.00
4 1 14 200.00 20.00
4 1 15 200.00 20.00
4 1 16 200.00 20.00
4 1 17 200.00 20.00
4 1 18 200.00 20.00
4 2 1 200.00 20.00
4 2 2 200.00 20.00
4 2 3 200.00 20.00
4 2 4 200.00 20.00
4 2 5 200.00 20.00
4 2 6 200.00 20.00
4 2 7 200.00 20.00
4 2 8 200.00 20.00
4 2 9 200.00 20.00
4 2 10 200.00 20.00
4 2 11 200.00 20.00
4 2 12 200.00 20.00
4 2 13 200.00 20.00
4 2 14 200.00 20.00
4 2 15 200.00 20.00
4 2 16 200.00 20.00
4 2 17 200.00 20.00
4 2 18 200.00 20.00
5 1 1 184.303 131.595
5 1 2 179.879 84.819
5 1 3 210.989 81.279
5 1 4 217.34 77.38
5 1 5 186.885 82.389
5 1 6 245.46 82.46
5 1 7 186.98 54.75
5 1 8 200.74 62.48
5 1 9 190.03 55.58
5 1 10 206.48 63.86
5 1 11 224.19 76.22
5 1 12 237.795 78.055
5 1 13 258.686 90.147
5 1 14 192.24 62.03
5 1 15 289.17 120.15
5 1 16 210.06 66.85
5 1 17 203.836 67.392
5 1 18 228.409 105.980
5 2 1 211.93 69.76
5 2 2 230.409 76.485
5 2 3 192.49 59.34
5 2 4 169.91 42.38
5 2 5 211.393 62.458
5 2 6 206.04 63.86
5 2 7 253.98 84.54
5 2 8 188.35 53.77
5 2 9 246.643 88.619
5 2 10 213.03 66.63
5 2 11 200.00 20.00
5 2 12 200.00 20.00
5 2 13 187.04 58.69
5 2 14 284.833 104.257
5 2 15 202.73 60.16
5 2 16 239.71 85.63
5 2 17 274.50 112.76
5 2 18 500.00 33.65
6 1 1 200.00 20.00
6 1 2 200.00 20.00
6 1 3 200.00 20.00
6 1 4 200.00 20.00
6 1 5 200.00 20.00
6 1 6 200.00 20.00
6 1 7 200.00 20.00
6 1 8 200.00 20.00
6 1 9 200.00 20.00
6 1 10 200.00 20.00
6 1 11 200.00 20.00
6 1 12 200.00 20.00
6 1 13 200.00 20.00
6 1 14 200.00 20.00
6 1 15 200.00 20.00
6 1 16 200.00 20.00
6 1 17 200.00 20.00
6 1 18 200.00 20.00
6 2 1 200.00 20.00
6 2 2 200.00 20.00
6 2 3 200.00 20.00
6 2 4 200.00 20.00
6 2 5 200.00 20.00
6 2 6 200.00 20.00
6 2 7 200.00 20.00
6 2 8 200.00 20.00
6 2 9 200.00 20.00
6 2 10 200.00 20.00
6 2 11 200.00 20.00
6 2 12 200.00 20.00
6 2 13 200.00 20.00
6 2 14 200.00 20.00
6 2 15 200.00 20.00
6 2 16 200.00 20.00
6 2 17 200.00 20.00
6 2 18 200.00 20.00
