1 0 1 200.00 20.00 
1 0 2 200.00 20.00 
1 0 3 200.00 20.00 
1 0 4 200.00 20.00 
1 0 5 200.00 20.00 
1 0 6 200.00 20.00 
1 0 7 200.00 20.00 
1 0 8 200.00 20.00 
1 0 9 200.00 20.00 
1 0 10 200.00 20.00 
1 0 11 200.00 20.00 
1 0 12 200.00 20.00 
1 0 13 200.00 20.00 
1 0 14 200.00 20.00 
1 0 15 200.00 20.00 
1 0 16 200.00 20.00 
1 0 17 200.00 20.00 
1 0 18 200.00 20.00 
1 1 1 200.00 20.00 
1 1 2 200.00 20.00 
1 1 3 200.00 20.00 
1 1 4 200.00 20.00 
1 1 5 200.00 20.00 
1 1 6 200.00 20.00 
1 1 7 200.00 20.00 
1 1 8 200.00 20.00 
1 1 9 200.00 20.00 
1 1 10 200.00 20.00 
1 1 11 200.00 20.00 
1 1 12 200.00 20.00 
1 1 13 200.00 20.00 
1 1 14 200.00 20.00 
1 1 15 200.00 20.00 
1 1 16 200.00 20.00 
1 1 17 200.00 20.00 
1 1 18 200.00 20.00 
2 0 1 200.00 20.00 
2 0 2 200.00 20.00 
2 0 3 200.00 20.00 
2 0 4 200.00 20.00 
2 0 5 200.00 20.00 
2 0 6 200.00 20.00 
2 0 7 200.00 20.00 
2 0 8 200.00 20.00 
2 0 9 360.34 21.22 
2 0 10 200.00 20.00 
2 0 11 200.00 20.00 
2 0 12 200.00 20.00 
2 0 13 200.00 20.00 
2 0 14 200.00 20.00 
2 0 15 200.00 20.00 
2 0 16 200.00 20.00 
2 0 17 200.00 20.00 
2 0 18 200.00 20.00 
2 1 1 200.00 20.00 
2 1 2 200.00 20.00 
2 1 3 200.00 20.00 
2 1 4 200.00 20.00 
2 1 5 200.00 20.00 
2 1 6 200.00 20.00 
2 1 7 200.00 20.00 
2 1 8 200.00 20.00 
2 1 9 200.00 20.00 
2 1 10 200.00 20.00 
2 1 11 200.00 20.00 
2 1 12 200.00 20.00 
2 1 13 200.00 20.00 
2 1 14 200.00 20.00 
2 1 15 200.00 20.00 
2 1 16 200.00 20.00 
2 1 17 200.00 20.00 
2 1 18 200.00 20.00 
3 0 1 185.05 78.33 
3 0 2 168.71 84.66 
3 0 3 124.295 49.203 
3 0 4 205.803 116.162 
3 0 5 200.00 20.00 
3 0 6 154.67 41.07 
3 0 7 238.231 102.769 
3 0 8 245.00 91.75 
3 0 9 193.95 58.35 
3 0 10 158.30 41.29 
3 0 11 211.82 66.60 
3 0 12 228.76 73.88 
3 0 13 314.35 140.28 
3 0 14 185.52 54.12 
3 0 15 217.26 47.22 
3 0 16 162.71 42.76 
3 0 17 188.19 58.34 
3 0 18 135.595 26.450 
3 1 1 145.037 38.389 
3 1 2 179.69 56.20 
3 1 3 156.30 48.95 
3 1 4 150.62 43.22 
3 1 5 219.55 76.19 
3 1 6 324.978 131.848 
3 1 7 253.479 95.775 
3 1 8 225.06 75.19 
3 1 9 230.94 82.83 
3 1 10 199.10 62.29 
3 1 11 224.00 71.78 
3 1 12 190.75 60.05 
3 1 13 138.427 40.032 
3 1 14 150.38 39.84 
3 1 15 157.877 70.125 
3 1 16 235.87 84.27 
3 1 17 202.09 71.22 
3 1 18 205.04 73.44 
4 0 1 200.00 20.00 
4 0 2 200.00 20.00 
4 0 3 200.00 20.00 
4 0 4 200.00 20.00 
4 0 5 200.00 20.00 
4 0 6 200.00 20.00 
4 0 7 200.00 20.00 
4 0 8 200.00 20.00 
4 0 9 200.00 20.00 
4 0 10 200.00 20.00 
4 0 11 200.00 20.00 
4 0 12 200.00 20.00 
4 0 13 200.00 20.00 
4 0 14 200.00 20.00 
4 0 15 200.00 20.00 
4 0 16 200.00 20.00 
4 0 17 200.00 20.00 
4 0 18 200.00 20.00 
4 1 1 200.00 20.00 
4 1 2 200.00 20.00 
4 1 3 200.00 20.00 
4 1 4 200.00 20.00 
4 1 5 200.00 20.00 
4 1 6 200.00 20.00 
4 1 7 200.00 20.00 
4 1 8 200.00 20.00 
4 1 9 200.00 20.00 
4 1 10 200.00 20.00 
4 1 11 200.00 20.00 
4 1 12 200.00 20.00 
4 1 13 200.00 20.00 
4 1 14 200.00 20.00 
4 1 15 200.00 20.00 
4 1 16 200.00 20.00 
4 1 17 200.00 20.00 
4 1 18 200.00 20.00 
5 0 1 188.555 114.056 
5 0 2 176.844 96.765 
5 0 3 207.783 82.644 
5 0 4 217.25 80.14 
5 0 5 181.868 82.622 
5 0 6 251.50 87.13 
5 0 7 188.92 50.57 
5 0 8 198.25 62.72 
5 0 9 189.34 58.63 
5 0 10 208.86 62.10 
5 0 11 225.43 70.51 
5 0 12 250.96 86.32 
5 0 13 256.150 87.586 
5 0 14 192.67 54.57 
5 0 15 289.68 120.19 
5 0 16 208.43 71.07 
5 0 17 252.124 95.777 
5 0 18 215.090 157.407 
5 1 1 212.71 72.60 
5 1 2 234.446 88.654 
5 1 3 191.13 58.89 
5 1 4 169.34 42.01 
5 1 5 225.850 84.285 
5 1 6 202.06 60.34 
5 1 7 259.74 88.57 
5 1 8 187.89 53.71 
5 1 9 242.699 101.461 
5 1 10 213.66 69.97 
5 1 11 200.00 20.00 
5 1 12 200.00 20.00 
5 1 13 190.57 59.38 
5 1 14 280.401 107.806 
5 1 15 201.27 60.84 
5 1 16 237.75 87.92 
5 1 17 275.962 105.758 
5 1 18 500.00 165.55 
6 0 1 200.00 20.00 
6 0 2 200.00 20.00 
6 0 3 200.00 20.00 
6 0 4 200.00 20.00 
6 0 5 200.00 20.00 
6 0 6 200.00 20.00 
6 0 7 200.00 20.00 
6 0 8 200.00 20.00 
6 0 9 200.00 20.00 
6 0 10 200.00 20.00 
6 0 11 200.00 20.00 
6 0 12 200.00 20.00 
6 0 13 200.00 20.00 
6 0 14 200.00 20.00 
6 0 15 200.00 20.00 
6 0 16 200.00 20.00 
6 0 17 200.00 20.00 
6 0 18 200.00 20.00 
6 1 1 200.00 20.00 
6 1 2 200.00 20.00 
6 1 3 200.00 20.00 
6 1 4 200.00 20.00 
6 1 5 200.00 20.00 
6 1 6 200.00 20.00 
6 1 7 200.00 20.00 
6 1 8 200.00 20.00 
6 1 9 200.00 20.00 
6 1 10 200.00 20.00 
6 1 11 200.00 20.00 
6 1 12 200.00 20.00 
6 1 13 200.00 20.00 
6 1 14 200.00 20.00 
6 1 15 200.00 20.00 
6 1 16 200.00 20.00 
6 1 17 200.00 20.00 
6 1 18 200.00 20.00 
