1 1 1 200.00 20.00
1 1 2 200.00 20.00
1 1 3 200.00 20.00
1 1 4 200.00 20.00
1 1 5 200.00 20.00
1 1 6 200.00 20.00
1 1 7 200.00 20.00
1 1 8 200.00 20.00
1 1 9 200.00 20.00
1 1 10 200.00 20.00
1 1 11 200.00 20.00
1 1 12 200.00 20.00
1 1 13 200.00 20.00
1 1 14 200.00 20.00
1 1 15 200.00 20.00
1 1 16 200.00 20.00
1 1 17 200.00 20.00
1 1 18 200.00 20.00
1 2 1 200.00 20.00
1 2 2 200.00 20.00
1 2 3 200.00 20.00
1 2 4 200.00 20.00
1 2 5 200.00 20.00
1 2 6 200.00 20.00
1 2 7 200.00 20.00
1 2 8 200.00 20.00
1 2 9 200.00 20.00
1 2 10 200.00 20.00
1 2 11 200.00 20.00
1 2 12 200.00 20.00
1 2 13 200.00 20.00
1 2 14 200.00 20.00
1 2 15 200.00 20.00
1 2 16 200.00 20.00
1 2 17 200.00 20.00
1 2 18 200.00 20.00
2 1 1 200.00 20.00
2 1 2 200.00 20.00
2 1 3 200.00 20.00
2 1 4 200.00 20.00
2 1 5 200.00 20.00
2 1 6 200.00 20.00
2 1 7 200.00 20.00
2 1 8 200.00 20.00
2 1 9 201.08 21.94
2 1 10 200.00 20.00
2 1 11 200.00 20.00
2 1 12 200.00 20.00
2 1 13 200.00 20.00
2 1 14 200.00 20.00
2 1 15 200.00 20.00
2 1 16 200.00 20.00
2 1 17 200.00 20.00
2 1 18 200.00 20.00
2 2 1 200.00 20.00
2 2 2 200.00 20.00
2 2 3 200.00 20.00
2 2 4 200.00 20.00
2 2 5 200.00 20.00
2 2 6 200.00 20.00
2 2 7 200.00 20.00
2 2 8 200.00 20.00
2 2 9 200.00 20.00
2 2 10 200.00 20.00
2 2 11 200.00 20.00
2 2 12 200.00 20.00
2 2 13 200.00 20.00
2 2 14 200.00 20.00
2 2 15 200.00 20.00
2 2 16 200.00 20.00
2 2 17 200.00 20.00
2 2 18 200.00 20.00
3 1 1 185.56 78.69
3 1 2 157.454 58.054
3 1 3 115.230 43.173
3 1 4 212.87 119.37
3 1 5 200.00 20.00
3 1 6 153.13 39.93
3 1 7 189.358 43.723
3 1 8 202.50 45.02
3 1 9 162.016 39.488
3 1 10 156.17 38.36
3 1 11 177.692 45.720
3 1 12 203.504 54.620
3 1 13 270.840 93.266
3 1 14 186.18 53.46
3 1 15 214.191 66.861
3 1 16 163.92 46.75
3 1 17 168.226 49.562
3 1 18 139.05 31.04
3 2 1 134.138 31.658
3 2 2 167.886 45.946
3 2 3 146.164 39.309
3 2 4 147.98 40.26
3 2 5 194.429 56.761
3 2 6 296.906 103.715
3 2 7 196.714 56.856
3 2 8 196.958 54.518
3 2 9 195.567 54.258
3 2 10 180.319 50.505
3 2 11 227.69 75.19
3 2 12 171.831 44.527
3 2 13 129.893 31.124
3 2 14 134.14 28.34
3 2 15 185.635 84.417
3 2 16 187.774 49.709
3 2 17 162.963 41.333
3 2 18 173.821 46.810
4 1 1 200.00 20.00
4 1 2 200.00 20.00
4 1 3 200.00 20.00
4 1 4 200.00 20.00
4 1 5 200.00 20.00
4 1 6 200.00 20.00
4 1 7 200.00 20.00
4 1 8 200.00 20.00
4 1 9 200.00 20.00
4 1 10 200.00 20.00
4 1 11 200.00 20.00
4 1 12 200.00 20.00
4 1 13 200.00 20.00
4 1 14 200.00 20.00
4 1 15 200.00 20.00
4 1 16 200.00 20.00
4 1 17 200.00 20.00
4 1 18 200.00 20.00
4 2 1 200.00 20.00
4 2 2 200.00 20.00
4 2 3 200.00 20.00
4 2 4 200.00 20.00
4 2 5 200.00 20.00
4 2 6 200.00 20.00
4 2 7 200.00 20.00
4 2 8 200.00 20.00
4 2 9 200.00 20.00
4 2 10 200.00 20.00
4 2 11 200.00 20.00
4 2 12 200.00 20.00
4 2 13 200.00 20.00
4 2 14 200.00 20.00
4 2 15 200.00 20.00
4 2 16 200.00 20.00
4 2 17 200.00 20.00
4 2 18 200.00 20.00
5 1 1 195.08 136.88
5 1 2 178.09 106.07
5 1 3 181.594 54.836
5 1 4 182.852 51.524
5 1 5 179.375 67.127
5 1 6 198.431 56.589
5 1 7 169.731 40.749
5 1 8 181.838 48.180
5 1 9 170.002 43.142
5 1 10 177.259 43.690
5 1 11 197.720 56.004
5 1 12 190.385 50.417
5 1 13 214.726 61.963
5 1 14 164.400 40.582
5 1 15 240.853 78.684
5 1 16 183.733 50.422
5 1 17 198.666 71.539
5 1 18 209.183 143.155
5 2 1 192.412 56.230
5 2 2 214.829 66.867
5 2 3 175.156 48.354
5 2 4 168.91 42.73
5 2 5 184.333 48.443
5 2 6 184.761 48.327
5 2 7 222.729 63.494
5 2 8 178.514 48.051
5 2 9 221.511 65.632
5 2 10 176.485 42.584
5 2 11 200.00 20.00
5 2 12 200.00 20.00
5 2 13 167.908 44.428
5 2 14 220.941 69.567
5 2 15 201.39 63.69
5 2 16 209.650 68.375
5 2 17 214.319 64.342
5 2 18 500.00 50.00
6 1 1 200.00 20.00
6 1 2 200.00 20.00
6 1 3 200.00 20.00
6 1 4 200.00 20.00
6 1 5 200.00 20.00
6 1 6 200.00 20.00
6 1 7 200.00 20.00
6 1 8 200.00 20.00
6 1 9 200.00 20.00
6 1 10 200.00 20.00
6 1 11 200.00 20.00
6 1 12 200.00 20.00
6 1 13 200.00 20.00
6 1 14 200.00 20.00
6 1 15 200.00 20.00
6 1 16 200.00 20.00
6 1 17 200.00 20.00
6 1 18 200.00 20.00
6 2 1 200.00 20.00
6 2 2 200.00 20.00
6 2 3 200.00 20.00
6 2 4 200.00 20.00
6 2 5 200.00 20.00
6 2 6 200.00 20.00
6 2 7 200.00 20.00
6 2 8 200.00 20.00
6 2 9 200.00 20.00
6 2 10 200.00 20.00
6 2 11 200.00 20.00
6 2 12 200.00 20.00
6 2 13 200.00 20.00
6 2 14 200.00 20.00
6 2 15 200.00 20.00
6 2 16 200.00 20.00
6 2 17 200.00 20.00
6 2 18 200.00 20.00
