1 1 1 200.00 20.00
1 1 2 200.00 20.00
1 1 3 200.00 20.00
1 1 4 200.00 20.00
1 1 5 200.00 20.00
1 1 6 200.00 20.00
1 1 7 200.00 20.00
1 1 8 200.00 20.00
1 1 9 200.00 20.00
1 1 10 200.00 20.00
1 1 11 200.00 20.00
1 1 12 200.00 20.00
1 1 13 200.00 20.00
1 1 14 200.00 20.00
1 1 15 200.00 20.00
1 1 16 200.00 20.00
1 1 17 200.00 20.00
1 1 18 200.00 20.00
1 2 1 200.00 20.00
1 2 2 200.00 20.00
1 2 3 200.00 20.00
1 2 4 200.00 20.00
1 2 5 200.00 20.00
1 2 6 200.00 20.00
1 2 7 200.00 20.00
1 2 8 200.00 20.00
1 2 9 200.00 20.00
1 2 10 200.00 20.00
1 2 11 200.00 20.00
1 2 12 200.00 20.00
1 2 13 200.00 20.00
1 2 14 200.00 20.00
1 2 15 200.00 20.00
1 2 16 200.00 20.00
1 2 17 200.00 20.00
1 2 18 200.00 20.00
2 1 1 200.00 20.00
2 1 2 200.00 20.00
2 1 3 200.00 20.00
2 1 4 200.00 20.00
2 1 5 200.00 20.00
2 1 6 200.00 20.00
2 1 7 200.00 20.00
2 1 8 200.00 20.00
2 1 9 200.00 20.00
2 1 10 200.00 20.00
2 1 11 200.00 20.00
2 1 12 200.00 20.00
2 1 13 200.00 20.00
2 1 14 200.00 20.00
2 1 15 200.00 20.00
2 1 16 200.00 20.00
2 1 17 200.00 20.00
2 1 18 200.00 20.00
2 2 1 200.00 20.00
2 2 2 200.00 20.00
2 2 3 200.00 20.00
2 2 4 200.00 20.00
2 2 5 200.00 20.00
2 2 6 200.00 20.00
2 2 7 200.00 20.00
2 2 8 200.00 20.00
2 2 9 200.00 20.00
2 2 10 200.00 20.00
2 2 11 200.00 20.00
2 2 12 200.00 20.00
2 2 13 200.00 20.00
2 2 14 200.00 20.00
2 2 15 200.00 20.00
2 2 16 200.00 20.00
2 2 17 200.00 20.00
2 2 18 200.00 20.00
3 1 1 184.86 80.58
3 1 2 165.352 78.273
3 1 3 109.304 59.028
3 1 4 214.109 103.885
3 1 5 200.00 20.00
3 1 6 152.16 41.20
3 1 7 201.270 51.751
3 1 8 247.78 88.56
3 1 9 193.18 62.83
3 1 10 154.61 36.23
3 1 11 207.25 63.33
3 1 12 225.05 70.42
3 1 13 321.24 142.81
3 1 14 182.68 55.73
3 1 15 253.36 95.35
3 1 16 160.96 41.38
3 1 17 183.30 59.47
3 1 18 141.46 37.29
3 2 1 156.18 50.75
3 2 2 180.45 54.67
3 2 3 156.36 45.30
3 2 4 151.87 44.29
3 2 5 203.845 85.383
3 2 6 294.500 128.857
3 2 7 195.236 64.763
3 2 8 210.067 67.610
3 2 9 209.640 81.680
3 2 10 197.78 63.26
3 2 11 228.12 70.49
3 2 12 187.05 58.10
3 2 13 132.63 30.26
3 2 14 147.59 28.66
3 2 15 176.195 74.208
3 2 16 210.095 81.218
3 2 17 170.890 79.816
3 2 18 197.25 62.54
4 1 1 200.00 20.00
4 1 2 200.00 20.00
4 1 3 200.00 20.00
4 1 4 200.00 20.00
4 1 5 200.00 20.00
4 1 6 200.00 20.00
4 1 7 200.00 20.00
4 1 8 200.00 20.00
4 1 9 200.00 20.00
4 1 10 200.00 20.00
4 1 11 200.00 20.00
4 1 12 200.00 20.00
4 1 13 200.00 20.00
4 1 14 200.00 20.00
4 1 15 200.00 20.00
4 1 16 200.00 20.00
4 1 17 200.00 20.00
4 1 18 200.00 20.00
4 2 1 200.00 20.00
4 2 2 200.00 20.00
4 2 3 200.00 20.00
4 2 4 200.00 20.00
4 2 5 200.00 20.00
4 2 6 200.00 20.00
4 2 7 200.00 20.00
4 2 8 200.00 20.00
4 2 9 200.00 20.00
4 2 10 200.00 20.00
4 2 11 200.00 20.00
4 2 12 200.00 20.00
4 2 13 200.00 20.00
4 2 14 200.00 20.00
4 2 15 200.00 20.00
4 2 16 200.00 20.00
4 2 17 200.00 20.00
4 2 18 200.00 20.00
5 1 1 197.19 130.50
5 1 2 177.366 93.117
5 1 3 212.90 86.37
5 1 4 210.95 75.68
5 1 5 182.627 83.304
5 1 6 246.58 87.55
5 1 7 188.90 54.04
5 1 8 202.85 65.76
5 1 9 194.16 56.68
5 1 10 205.24 61.40
5 1 11 224.02 75.80
5 1 12 224.107 74.774
5 1 13 251.809 86.310
5 1 14 183.90 56.50
5 1 15 252.434 93.302
5 1 16 204.92 69.73
5 1 17 246.320 95.385
5 1 18 196.307 164.558
5 2 1 211.64 69.78
5 2 2 219.473 83.096
5 2 3 188.94 57.57
5 2 4 168.78 41.05
5 2 5 217.308 78.839
5 2 6 203.41 62.23
5 2 7 257.80 87.14
5 2 8 184.74 51.58
5 2 9 272.65 101.76
5 2 10 210.56 62.36
5 2 11 200.00 20.00
5 2 12 200.00 20.00
5 2 13 142.50 24.54
5 2 14 262.295 102.337
5 2 15 201.09 65.10
5 2 16 247.38 89.46
5 2 17 254.13 110.55
5 2 18 170.466 61.249
6 1 1 200.00 20.00
6 1 2 200.00 20.00
6 1 3 200.00 20.00
6 1 4 200.00 20.00
6 1 5 200.00 20.00
6 1 6 200.00 20.00
6 1 7 200.00 20.00
6 1 8 200.00 20.00
6 1 9 200.00 20.00
6 1 10 200.00 20.00
6 1 11 200.00 20.00
6 1 12 200.00 20.00
6 1 13 200.00 20.00
6 1 14 200.00 20.00
6 1 15 200.00 20.00
6 1 16 200.00 20.00
6 1 17 200.00 20.00
6 1 18 200.00 20.00
6 2 1 200.00 20.00
6 2 2 200.00 20.00
6 2 3 200.00 20.00
6 2 4 200.00 20.00
6 2 5 200.00 20.00
6 2 6 200.00 20.00
6 2 7 200.00 20.00
6 2 8 200.00 20.00
6 2 9 200.00 20.00
6 2 10 200.00 20.00
6 2 11 200.00 20.00
6 2 12 200.00 20.00
6 2 13 200.00 20.00
6 2 14 200.00 20.00
6 2 15 200.00 20.00
6 2 16 200.00 20.00
6 2 17 200.00 20.00
6 2 18 200.00 20.00
